                  Temp     Hi    Low   Out    Dew  Wind  Wind   Wind    Hi    Hi   Wind   Heat    THW                Rain    Heat    Cool    In     In    In     In     In   In Air   Temp    Hum  Soil 3  Soil 4   Soil    Leaf  Wind  Wind    ISS   Arc.
  Date    Time     Out   Temp   Temp   Hum    Pt. Speed   Dir    Run Speed   Dir  Chill  Index  Index   Bar    Rain  Rate    D-D     D-D    Temp   Hum    Dew   Heat    EMC Density    2nd    2nd  Moist.  Moist.  Temp 1  Wet 1  Samp   Tx   Recept  Int.
------------------------------------------------------------------------------------------------------------------------------------------------------------------------------------------------------------------------------------------------------------
26.06.12   0:10   15.8   16.0   15.8    91   14.4   0.0   ---   0.00   0.0   ---   15.8   16.1   16.1  1017.8  0.00   0.0   0.017   0.000   26.0    53   15.7   26.2   9.65 1.1651    21.7     77    200      92    21.7      0    229    1    100.0   10 
26.06.12   0:20   15.7   15.8   15.7    92   14.4   0.0    SE   0.00   1.6    SE   15.7   15.9   15.9  1017.7  0.00   0.0   0.018   0.000   26.0    53   15.7   26.2   9.65 1.1651    21.7     77    200      93    21.7      0    227    1     99.6   10 
26.06.12   0:30   15.7   15.7   15.7    92   14.4   0.0   ---   0.00   0.0   ---   15.7   15.9   15.9  1017.8  0.00   0.0   0.018   0.000   26.0    53   15.7   26.2   9.65 1.1652    21.7     77    200      94    21.7      0    227    1     99.6   10 
26.06.12   0:40   15.7   15.7   15.7    91   14.3   0.0   ---   0.00   0.0   ---   15.7   15.9   15.9  1017.8  0.00   0.0   0.018   0.000   25.9    53   15.6   26.1   9.65 1.1657    21.7     77    200      95    21.7      0    228    1    100.0   10 
26.06.12   0:50   15.7   15.7   15.7    92   14.4   0.0   ---   0.00   0.0   ---   15.7   15.9   15.9  1017.7  0.00   0.0   0.018   0.000   25.9    53   15.6   26.1   9.65 1.1657    21.7     77    200      96    21.7      0    232    1    100.0   10 
26.06.12   1:00   15.7   15.7   15.7    91   14.3   0.0   ---   0.00   0.0   ---   15.7   15.9   15.9  1017.8  0.00   0.0   0.018   0.000   25.9    53   15.6   26.1   9.65 1.1657    21.7     77    200      97    21.7      0    234    1    100.0   10 
26.06.12   1:10   15.7   15.8   15.7    92   14.4   0.0   ---   0.00   0.0   ---   15.7   15.9   15.9  1018.0  0.00   0.0   0.018   0.000   25.8    53   15.5   26.0   9.65 1.1665    21.7     77    200      98    21.7      0    233    1    100.0   10 
26.06.12   1:20   15.7   15.7   15.7    91   14.3   0.0   ---   0.00   0.0   ---   15.7   15.9   15.9  1018.0  0.00   0.0   0.018   0.000   25.8    53   15.5   26.0   9.65 1.1665    21.7     77    200     100    21.7      0    229    1    100.0   10 
26.06.12   1:30   15.7   15.7   15.7    91   14.3   0.0   ---   0.00   0.0   ---   15.7   15.9   15.9  1017.9  0.00   0.0   0.018   0.000   25.7    53   15.4   25.8   9.65 1.1669    21.7     77    200     101    21.7      0    229    1    100.0   10 
26.06.12   1:40   15.6   15.7   15.6    91   14.1   0.0   ---   0.00   0.0   ---   15.6   15.8   15.8  1017.9  0.00   0.0   0.019   0.000   25.6    53   15.3   25.7   9.65 1.1676    21.7     77    200     102    21.7      0    229    1    100.0   10 
26.06.12   1:50   15.6   15.6   15.6    92   14.3   0.0   ---   0.00   0.0   ---   15.6   15.8   15.8  1017.9  0.00   0.0   0.019   0.000   25.6    53   15.3   25.7   9.65 1.1676    21.7     77    200     103    21.7      0    232    1    100.0   10 
26.06.12   2:00   15.6   15.6   15.6    92   14.3   0.0   ---   0.00   0.0   ---   15.6   15.7   15.7  1017.9  0.00   0.0   0.019   0.000   25.6    53   15.3   25.7   9.65 1.1676    21.7     77    200     104    21.1      0    234    1    100.0   10 
26.06.12   2:10   15.6   15.6   15.6    92   14.3   0.0   ---   0.00   0.0   ---   15.6   15.8   15.8  1017.9  0.00   0.0   0.019   0.000   25.5    53   15.2   25.7   9.65 1.1678    21.7     77    200     106    21.7      0    233    1    100.0   10 
26.06.12   2:20   15.7   15.7   15.6    92   14.4   0.0   ---   0.00   0.0   ---   15.7   15.9   15.9  1017.9  0.00   0.0   0.019   0.000   25.5    53   15.2   25.7   9.65 1.1678    21.7     77    200     107    21.7      0    227    1     99.6   10 
26.06.12   2:30   15.7   15.7   15.7    92   14.4   0.0   ---   0.00   0.0   ---   15.7   15.9   15.9  1017.9  0.00   0.0   0.019   0.000   25.5    53   15.2   25.7   9.65 1.1678    21.7     77    200     108    21.1      0    227    1     99.6   10 
26.06.12   2:40   15.6   15.7   15.6    92   14.3   0.0   ---   0.00   0.0   ---   15.6   15.7   15.7  1018.0  0.00   0.0   0.019   0.000   25.4    53   15.1   25.5   9.65 1.1685    21.7     77    200     109    21.1      0    230    1    100.0   10 
26.06.12   2:50   15.5   15.6   15.5    92   14.2   0.0   ---   0.00   0.0   ---   15.5   15.7   15.7  1018.1  0.00   0.0   0.020   0.000   25.4    53   15.1   25.5   9.65 1.1686    21.7     77    200     111    21.1      0    230    1    100.0   10 
26.06.12   3:00   15.5   15.6   15.5    92   14.2   0.0   SSE   0.00   1.6   SSE   15.5   15.7   15.7  1018.2  0.00   0.0   0.020   0.000   25.3    53   15.0   25.4   9.65 1.1693    21.7     77    200     112    21.1      0    233    1    100.0   10 
26.06.12   3:10   15.5   15.5   15.5    92   14.2   0.0   ---   0.00   0.0   ---   15.5   15.7   15.7  1018.2  0.00   0.0   0.020   0.000   25.3    53   15.0   25.4   9.65 1.1693    21.7     77    200     113    21.1      0    232    1    100.0   10 
26.06.12   3:20   15.5   15.5   15.5    93   14.4   0.0    SE   0.00   1.6     S   15.5   15.7   15.7  1018.2  0.00   0.0   0.020   0.000   25.2    53   14.9   25.3   9.65 1.1699    21.7     77    200     114    21.1      0    229    1    100.0   10 
26.06.12   3:30   15.5   15.6   15.5    93   14.4   0.0   SSE   0.00   1.6   SSE   15.5   15.7   15.7  1018.1  0.00   0.0   0.020   0.000   25.1    54   15.1   25.2   9.81 1.1697    21.7     77    200     115    21.1      0    228    1    100.0   10 
26.06.12   3:40   15.6   15.6   15.5    93   14.5   0.0    SE   0.00   3.2   SSE   15.6   15.8   15.8  1018.2  0.00   0.0   0.019   0.000   25.0    54   15.0   25.1   9.81 1.1703    21.7     77    200     117    21.1      0    230    1    100.0   10 
26.06.12   3:50   15.7   15.7   15.6    93   14.5   0.0   SSE   0.00   1.6   ESE   15.7   15.9   15.9  1018.1  0.00   0.0   0.019   0.000   24.9    54   14.9   25.0   9.81 1.1708    21.7     77    200     118    21.1      0    230    1    100.0   10 
26.06.12   4:00   15.7   15.7   15.6    93   14.5   0.0   SSE   0.00   1.6     S   15.7   15.9   15.9  1018.3  0.00   0.0   0.019   0.000   24.8    54   14.8   24.9   9.82 1.1716    21.7     77    200     119    21.1      0    234    1    100.0   10 
26.06.12   4:10   15.6   15.7   15.6    92   14.3   0.0   SSE   0.00   1.6     E   15.6   15.8   15.8  1018.3  0.00   0.0   0.019   0.000   24.8    54   14.8   24.9   9.82 1.1716    21.7     77    200     120    21.1      0    232    1    100.0   10 
26.06.12   4:20   15.4   15.6   15.4    92   14.2   0.0   SSE   0.00   3.2   SSE   15.4   15.6   15.6  1018.3  0.00   0.0   0.020   0.000   24.8    54   14.8   24.9   9.82 1.1716    21.7     77    200     122    21.1      0    227    1     99.6   10 
26.06.12   4:30   15.3   15.4   15.3    92   14.0   0.0    SE   0.00   1.6    SE   15.3   15.5   15.5  1018.3  0.00   0.0   0.021   0.000   24.7    54   14.7   24.8   9.82 1.1722    21.7     77    200     123    20.6      0    228    1    100.0   10 
26.06.12   4:40   15.3   15.3   15.3    92   14.0   0.0   ---   0.00   0.0   ---   15.3   15.4   15.4  1018.4  0.00   0.0   0.021   0.000   24.7    54   14.7   24.8   9.82 1.1723    21.7     77    200     124    20.6      0    229    1    100.0   10 
26.06.12   4:50   15.2   15.3   15.2    92   13.9   0.0   ---   0.00   0.0   ---   15.2   15.4   15.4  1018.5  0.00   0.0   0.022   0.000   24.7    54   14.7   24.8   9.82 1.1724    21.7     77    200     125    21.1      0    230    1    100.0   10 
26.06.12   5:00   15.2   15.2   15.2    92   13.9   0.0   ---   0.00   0.0   ---   15.2   15.3   15.3  1018.7  0.00   0.0   0.022   0.000   24.7    54   14.7   24.8   9.82 1.1727    21.7     77    200     126    21.1      0    230    1    100.0   10 
26.06.12   5:10   15.1   15.2   15.1    93   14.0   0.0   ---   0.00   0.0   ---   15.1   15.3   15.3  1018.9  0.00   0.0   0.022   0.000   24.8    54   14.8   24.9   9.82 1.1723    21.7     77    200     128    21.1      0    234    1    100.0   10 
26.06.12   5:20   15.2   15.2   15.1    92   13.9   0.0   ---   0.00   0.0   ---   15.2   15.3   15.3  1019.2  0.00   0.0   0.022   0.000   24.8    54   14.8   24.9   9.82 1.1726    21.7     76    200     129    21.1      0    227    1     99.6   10 
26.06.12   5:30   15.1   15.2   15.1    92   13.8   0.0   ---   0.00   0.0   ---   15.1   15.3   15.3  1019.3  0.00   0.0   0.022   0.000   24.7    54   14.7   24.8   9.82 1.1734    21.7     77    200     131    21.1      0    230    1    100.0   10 
26.06.12   5:40   15.1   15.1   15.1    92   13.8   0.0   WNW   0.00   3.2   WNW   15.1   15.2   15.2  1019.4  0.00   0.0   0.023   0.000   24.6    54   14.7   24.7   9.82 1.1738    21.7     76    200     132    21.1      0    229    1    100.0   10 
26.06.12   5:50   15.0   15.1   15.0    92   13.7   0.0   ---   0.00   0.0   ---   15.0   15.2   15.2  1019.5  0.00   0.0   0.023   0.000   24.6    54   14.7   24.7   9.82 1.1739    21.7     76    200     134    21.1      0    228    1    100.0   10 
26.06.12   6:00   14.9   15.0   14.9    92   13.7   0.0   ---   0.00   0.0   ---   14.9   15.1   15.1  1019.6  0.00   0.0   0.024   0.000   24.7    54   14.7   24.8   9.82 1.1737    21.7     76    200     134    21.1      0    233    1    100.0   10 
26.06.12   6:10   15.0   15.0   14.9    93   13.9   0.0   ---   0.00   0.0   ---   15.0   15.2   15.2  1019.6  0.00   0.0   0.023   0.000   24.7    54   14.7   24.8   9.82 1.1737    21.7     76    200     136    20.6      0    233    1    100.0   10 
26.06.12   6:20   15.2   15.2   15.0    93   14.0   0.0   ---   0.00   0.0   ---   15.2   15.3   15.3  1019.7  0.00   0.0   0.022   0.000   24.9    54   14.9   25.0   9.81 1.1727    21.7     76    200     137    21.1      0    229    1    100.0   10 
26.06.12   6:30   15.3   15.3   15.2    93   14.2   0.0   ---   0.00   0.0   ---   15.3   15.5   15.5  1019.7  0.00   0.0   0.021   0.000   24.9    54   14.9   25.0   9.81 1.1727    21.7     76    200     139    21.1      0    228    1    100.0   10 
26.06.12   6:40   15.5   15.5   15.3    92   14.2   0.0   ---   0.00   0.0   ---   15.5   15.7   15.7  1019.8  0.00   0.0   0.020   0.000   25.1    54   15.1   25.2   9.81 1.1716    21.1     77    200     140    21.1      0    229    1    100.0   10 
26.06.12   6:50   15.7   15.7   15.4    92   14.4   0.0   ---   0.00   0.0   ---   15.7   15.9   15.9  1019.9  0.00   0.0   0.019   0.000   25.1    54   15.1   25.2   9.81 1.1718    21.1     77    200     141    21.1      0    228    1    100.0   10 
26.06.12   7:00   15.9   15.9   15.7    92   14.6   0.0   ---   0.00   0.0   ---   15.9   16.1   16.1  1020.0  0.00   0.0   0.017   0.000   25.1    54   15.1   25.2   9.81 1.1719    21.1     77    200     143    21.1      0    233    1    100.0   10 
26.06.12   7:10   16.2   16.2   15.9    92   14.9   0.0   ---   0.00   0.0   ---   16.2   16.4   16.4  1020.1  0.00   0.0   0.015   0.000   25.2    54   15.2   25.3   9.80 1.1717    21.1     77    200     144    21.1      0    231    1    100.0   10 
26.06.12   7:20   16.4   16.4   16.2    92   15.1   0.0   ---   0.00   0.0   ---   16.4   16.7   16.7  1020.2  0.00   0.0   0.013   0.000   25.2    54   15.2   25.3   9.80 1.1718    21.1     77    200     145    21.1      0    227    1     99.6   10 
26.06.12   7:30   16.7   16.7   16.4    91   15.2   0.0   ---   0.00   0.0   ---   16.7   17.1   17.1  1020.3  0.00   0.0   0.011   0.000   25.3    54   15.3   25.4   9.80 1.1713    21.1     77    200     147    21.1      0    230    1    100.0   10 
26.06.12   7:40   17.1   17.1   16.7    90   15.4   0.0   SSE   0.00   1.6   SSE   17.1   17.4   17.4  1020.3  0.00   0.0   0.009   0.000   25.3    54   15.3   25.4   9.80 1.1714    21.1     77    200     149    21.1      0    234    1    100.0   10 
26.06.12   7:50   17.6   17.6   17.1    89   15.7   0.0   SSE   0.00   1.6   SSE   17.6   17.9   17.9  1020.4  0.00   0.0   0.005   0.000   25.4    54   15.4   25.6   9.80 1.1709    21.1     76    200     149    21.1      0    229    1    100.0   10 
26.06.12   8:00   17.9   17.9   17.6    87   15.7   0.0     S   0.00   1.6     S   17.9   18.3   18.3  1020.3  0.00   0.0   0.003   0.000   25.5    54   15.5   25.7   9.79 1.1703    21.1     77    200     150    21.1      0    229    1    100.0   10 
26.06.12   8:10   18.2   18.2   17.9    86   15.8   0.0     S   0.00   1.6     S   18.2   18.7   18.7  1020.3  0.00   0.0   0.001   0.000   25.5    54   15.5   25.7   9.79 1.1702    21.1     76    200     152    21.7      0    234    1    100.0   10 
26.06.12   8:20   18.4   18.4   18.2    85   15.9   0.0   ---   0.00   0.0   ---   18.4   18.9   18.9  1020.3  0.00   0.0   0.000   0.001   25.6    54   15.6   25.8   9.79 1.1700    21.1     77    200     153    21.7      0    231    1    100.0   10 
26.06.12   8:30   18.8   18.8   18.4    81   15.4   0.0   ---   0.00   0.0   ---   18.8   19.3   19.3  1020.4  0.00   0.0   0.000   0.003   25.6    54   15.6   25.8   9.79 1.1700    21.1     77    200     154    21.7      0    228    1    100.0   10 
26.06.12   8:40   19.1   19.1   18.7    81   15.7   0.0   SSE   0.00   1.6   SSE   19.1   19.6   19.6  1020.4  0.00   0.0   0.000   0.005   25.6    54   15.6   25.8   9.79 1.1701    21.1     76    200     154    22.2      0    231    1    100.0   10 
26.06.12   8:50   19.4   19.4   19.1    77   15.3   0.0   SSE   0.00   1.6     S   19.4   19.8   19.8  1020.4  0.00   0.0   0.000   0.007   25.6    54   15.6   25.8   9.79 1.1700    21.1     76    200     155    22.8      0    233    1    100.0   10 
26.06.12   9:00   19.6   19.6   19.4    75   15.1   0.0   ENE   0.00   1.6    SE   19.6   20.1   20.1  1020.3  0.00   0.0   0.000   0.009   25.6    53   15.3   25.7   9.65 1.1704    21.1     76    200     156    22.2      0    230    1    100.0   10 
26.06.12   9:10   20.2   20.2   19.6    76   15.8   0.0   SSE   0.00   1.6   SSE   20.2   20.7   20.7  1020.3  0.00   0.0   0.000   0.013   25.6    53   15.3   25.7   9.65 1.1703    21.1     76    200     156    23.3      0    229    1    100.0   10 
26.06.12   9:20   21.0   21.0   20.2    68   14.9   0.0   ---   0.00   0.0   ---   21.0   21.0   21.0  1020.3  0.00   0.0   0.000   0.019   25.6    53   15.3   25.7   9.65 1.1703    21.1     76    200     156    23.9      0    231    1    100.0   10 
26.06.12   9:30   21.7   21.7   21.0    68   15.6   0.0   SSE   0.00   3.2   SSE   21.7   21.8   21.8  1020.2  0.00   0.0   0.000   0.024   25.5    53   15.2   25.7   9.65 1.1705    21.1     76    200     157    24.4      0    231    1    100.0   10 
26.06.12   9:40   21.0   21.7   21.0    65   14.2   0.0   ENE   0.00   1.6   ENE   21.0   20.8   20.8  1020.3  0.00   0.0   0.000   0.019   25.4    53   15.1   25.5   9.65 1.1712    21.1     76    200     158    24.4      0    226    1     99.1   10 
26.06.12   9:50   20.8   21.0   20.8    66   14.2   0.0   ---   0.00   0.0   ---   20.8   20.7   20.7  1020.2  0.00   0.0   0.000   0.017   25.2    53   14.9   25.3   9.65 1.1722    21.1     76    200     161    23.9      0    228    1    100.0   10 
26.06.12  10:00   21.2   21.2   20.8    67   14.8   0.0   SSE   0.00   1.6   SSE   21.2   21.1   21.1  1020.2  0.00   0.0   0.000   0.020   25.2    53   14.9   25.3   9.65 1.1722    21.1     76    200     163    23.9      0    231    1    100.0   10 
26.06.12  10:10   21.7   21.7   21.1    63   14.4   0.0   ---   0.00   0.0   ---   21.7   21.6   21.6  1020.1  0.00   0.0   0.000   0.024   25.2    53   14.9   25.3   9.65 1.1721    21.1     76    200     165    23.9      0    232    1    100.0   10 
26.06.12  10:20   21.7   21.9   21.7    62   14.1   0.0   ENE   0.00   3.2   ENE   21.7   21.6   21.6  1020.2  0.00   0.0   0.000   0.024   25.1    53   14.9   25.2   9.65 1.1725    21.1     76    200     166    24.4      0    230    1    100.0   10 
26.06.12  10:30   21.7   21.7   21.6    64   14.6   0.0     S   0.00   1.6     S   21.7   21.6   21.6  1020.2  0.00   0.0   0.000   0.023   25.0    53   14.8   25.1   9.65 1.1730    21.1     76    200     169    23.9      0    228    1    100.0   10 
26.06.12  10:40   21.5   21.7   21.5    59   13.1   0.0     S   0.00   1.6     S   21.5   21.1   21.1  1020.1  0.00   0.0   0.000   0.022   25.0    52   14.5   25.0   9.51 1.1733    21.1     76    200     172    23.9      0    233    1    100.0   10 
26.06.12  10:50   21.4   21.5   21.3    60   13.4   0.0     S   0.00   3.2     S   21.4   21.1   21.1  1020.3  0.00   0.0   0.000   0.022   24.9    51   14.1   24.8   9.35 1.1744    21.1     76    200     175    23.9      0    230    1    100.0   10 
26.06.12  11:00   22.2   22.2   21.5    60   14.1   0.0     S   0.00   4.8   SSW   22.2   22.2   22.2  1020.2  0.00   0.0   0.000   0.027   24.8    50   13.6   24.7   9.22 1.1752    21.1     76    200     177    23.9      0    228    1    100.0   10 
26.06.12  11:10   22.6   22.7   22.2    57   13.7   0.0   SSW   0.00   3.2   SSW   22.6   22.6   22.6  1020.2  0.00   0.0   0.000   0.030   24.7    50   13.5   24.6   9.22 1.1758    21.1     76    200     180    23.9      0    226    1     99.1   10 
26.06.12  11:20   22.1   22.6   22.1    58   13.4   0.0     S   0.00   3.2   SSE   22.1   21.8   21.8  1020.1  0.00   0.0   0.000   0.026   24.7    50   13.5   24.6   9.22 1.1758    21.1     76    200     183    23.9      0    234    1    100.0   10 
26.06.12  11:30   21.7   22.1   21.7    60   13.6   0.0   SSW   0.00   3.2   SSW   21.7   21.4   21.4  1020.1  0.00   0.0   0.000   0.024   24.6    50   13.5   24.6   9.22 1.1760    21.1     76    200     187    23.9      0    234    1    100.0   10 
26.06.12  11:40   22.0   22.0   21.7    59   13.6   0.0   ---   0.00   0.0   ---   22.0   21.8   21.8  1020.1  0.00   0.0   0.000   0.025   24.7    51   13.9   24.7   9.35 1.1753    21.1     76    200     192    23.3      0    227    1     99.6   10 
26.06.12  11:50   22.2   22.3   22.0    57   13.3   0.0     S   0.00   6.4     S   22.2   22.1   22.1  1020.1  0.00   0.0   0.000   0.027   24.5    49   13.1   24.4   9.03 1.1769    21.1     76    200     195    23.3      0    228    1    100.0   10 
26.06.12  12:00   21.8   22.2   21.8    58   13.2   0.0     S   0.00   3.2    SW   21.8   21.5   21.5  1020.2  0.00   0.0   0.000   0.024   24.4    50   13.3   24.4   9.23 1.1772    21.1     76    200     199    23.3      0    230    1    100.0   10 
26.06.12  12:10   21.6   21.8   21.6    60   13.5   0.0   ---   0.00   0.0   ---   21.6   21.3   21.3  1020.2  0.00   0.0   0.000   0.023   24.4    50   13.3   24.4   9.23 1.1772    21.1     76    200     200    23.3      0    231    1    100.0   10 
26.06.12  12:20   21.4   21.6   21.4    63   14.1   0.0   ENE   0.00   1.6   ENE   21.4   21.2   21.2  1020.3  0.00   0.0   0.000   0.022   24.5    51   13.7   24.5   9.35 1.1765    21.1     76    200     200    22.8      0    228    1    100.0   10 
26.06.12  12:50   21.3   21.4   21.3    60   13.2   0.0   ENE   0.00   1.6   ENE   21.3   20.9   20.9  1003.0  0.00   0.0   0.000   0.021   25.8    49   14.3   25.8   8.98 1.1505    21.7     76    200     200    22.8      0     39    1     17.1   10 
26.06.12  13:00   21.9   22.1   21.9    55   12.5   0.0   ---   0.00   0.0   ---   21.9   21.6   21.6  1020.0  0.00   0.0   0.000   0.025   24.6    49   13.2   24.6   9.02 1.1762    21.1     76      1       3    22.8     15    228    1    100.0   10 
26.06.12  13:10   21.8   21.9   21.8    55   12.3   0.0     E   0.00   1.6     E   21.8   21.3   21.3  1020.0  0.00   0.0   0.000   0.024   24.6    50   13.5   24.6   9.22 1.1759    21.1     76      1       3    22.8     15    225    1     98.7   10 
26.06.12  13:20   21.8   21.8   21.7    57   12.9   0.0   ---   0.00   0.0   ---   21.8   21.4   21.4  1019.9  0.00   0.0   0.000   0.024   24.6    50   13.5   24.6   9.22 1.1758    21.7     76      1       3    22.8     15    233    1    100.0   10 
26.06.12  13:30   21.9   21.9   21.7    58   13.3   0.0     S   0.00   1.6     S   21.9   21.6   21.6  1019.9  0.00   0.0   0.000   0.025   24.7    50   13.5   24.6   9.22 1.1755    21.1     76      1       3    22.8     15    231    1    100.0   10 
26.06.12  13:40   22.1   22.1   21.9    59   13.7   0.0   ---   0.00   0.0   ---   22.1   21.9   21.9  1019.7  0.00   0.0   0.000   0.026   24.6    49   13.2   24.6   9.02 1.1760    21.1     76      1       3    22.8     15    228    1    100.0   10 
26.06.12  13:50   22.3   22.3   22.1    55   12.9   0.0     S   0.00   3.2   SSW   22.3   22.1   22.1  1019.7  0.00   0.0   0.000   0.028   24.7    49   13.2   24.6   9.02 1.1757    21.1     76      1       3    22.8     15    228    1    100.0   10 
26.06.12  14:00   22.7   22.7   22.3    55   13.2   0.0     S   0.00   3.2     S   22.7   22.7   22.7  1019.6  0.00   0.0   0.000   0.030   24.6    48   12.9   24.5   8.92 1.1762    21.1     76      1       3    22.8     15    233    1    100.0   10 
26.06.12  14:10   22.9   22.9   22.7    55   13.4   0.0     S   0.00   1.6   SSE   22.9   22.9   22.9  1019.4  0.00   0.0   0.000   0.032   24.6    48   12.9   24.5   8.92 1.1759    21.1     76      1       3    23.3     15    231    1    100.0   10 
26.06.12  14:20   23.2   23.2   22.9    52   12.8   0.0     S   0.00   3.2     S   23.2   23.1   23.1  1019.4  0.00   0.0   0.000   0.034   24.7    48   12.9   24.6   8.92 1.1756    21.1     76      1       3    23.9     15    228    1    100.0   10 
26.06.12  14:30   23.5   23.5   23.2    52   13.1   0.0    NE   0.00   4.8    NE   23.5   23.5   23.5  1019.4  0.00   0.0   0.000   0.036   24.7    48   12.9   24.6   8.92 1.1756    21.7     76      1       3    24.4     15    228    1    100.0   10 
26.06.12  14:40   23.8   23.8   23.5    49   12.5   0.0   ENE   0.00   3.2   ENE   23.8   23.8   23.8  1019.4  0.00   0.0   0.000   0.038   24.8    48   13.0   24.6   8.92 1.1751    21.1     76      1       3    24.4     15    232    1    100.0   10 
26.06.12  14:50   24.2   24.2   23.8    47   12.1   0.0   ENE   0.00   1.6   ENE   24.2   24.1   24.1  1019.3  0.00   0.0   0.000   0.041   24.8    48   13.0   24.6   8.92 1.1750    21.1     76      1       3    24.4     15    232    1    100.0   10 
26.06.12  15:00   24.1   24.2   24.1    47   12.1   0.0     S   0.00   1.6    SE   24.1   24.0   24.0  1019.2  0.00   0.0   0.000   0.040   24.9    48   13.1   24.7   8.91 1.1743    21.1     76      1       3    24.4     15    230    1    100.0   10 
26.06.12  15:10   24.3   24.3   24.1    45   11.6   0.0    SE   0.00   1.6    SE   24.3   24.1   24.1  1019.0  0.00   0.0   0.000   0.041   24.9    48   13.1   24.7   8.91 1.1741    21.1     76      1       3    24.4     15    228    1    100.0   10 
26.06.12  15:20   24.7   24.7   24.3    46   12.3   0.0    NW   0.00   1.6    NW   24.7   24.4   24.4  1019.0  0.00   0.0   0.000   0.044   24.9    48   13.1   24.7   8.91 1.1741    21.1     76      1       3    23.9     15    232    1    100.0   10 
26.06.12  15:30   24.6   24.7   24.6    44   11.5   0.0   ENE   0.00   1.6   ENE   24.6   24.3   24.3  1018.9  0.00   0.0   0.000   0.043   25.0    47   12.9   24.8   8.71 1.1738    21.1     76      1       3    24.4     15    232    1    100.0   10 
26.06.12  15:40   24.2   24.6   24.2    45   11.5   0.0    SE   0.00   3.2   SSE   24.2   24.0   24.0  1018.8  0.00   0.0   0.000   0.041   25.0    47   12.9   24.8   8.71 1.1737    21.1     76      1       3    23.9     15    229    1    100.0   10 
26.06.12  15:50   24.2   24.2   24.1    47   12.2   0.0   ENE   0.00   1.6   ENE   24.2   24.1   24.1  1018.8  0.00   0.0   0.000   0.041   25.0    47   12.9   24.8   8.71 1.1736    21.7     76      1       4    23.9     15    227    1     99.6   10 
26.06.12  16:00   24.6   24.6   24.2    46   12.2   0.0    NE   0.00   1.6    NE   24.6   24.4   24.4  1018.9  0.00   0.0   0.000   0.044   25.1    47   13.0   24.9   8.71 1.1732    21.7     76      1       4    23.9     15    234    1    100.0   10 
26.06.12  16:10   24.8   24.8   24.6    45   12.1   0.0   ENE   0.00   3.2   NNW   24.8   24.6   24.6  1018.8  0.20   0.0   0.000   0.045   25.1    47   13.0   24.9   8.71 1.1731    21.1     76      1       4    23.9     15    233    1    100.0   10 
26.06.12  16:20   24.8   24.9   24.8    44   11.7   0.0     S   0.00   1.6     S   24.8   24.6   24.6  1018.7  0.00   0.0   0.000   0.045   25.1    48   13.3   24.9   8.91 1.1726    21.1     76      2       4    23.9     15    228    1    100.0   10 
26.06.12  16:30   24.9   24.9   24.8    43   11.4   0.0   ENE   0.00   1.6   ENE   24.9   24.6   24.6  1018.7  0.00   0.0   0.000   0.046   25.2    48   13.4   25.0   8.90 1.1723    21.1     76      2       4    23.9     15    229    1    100.0   10 
26.06.12  16:40   24.7   24.9   24.7    45   12.0   0.0   ENE   0.00   4.8    NE   24.7   24.5   24.5  1018.7  0.00   0.0   0.000   0.044   25.2    47   13.1   25.0   8.70 1.1727    21.1     75      2       4    23.9     15    230    1    100.0   10 
26.06.12  16:50   24.7   24.7   24.6    44   11.6   0.0     E   0.00   1.6     E   24.7   24.4   24.4  1018.7  0.00   0.0   0.000   0.044   25.2    47   13.1   25.0   8.70 1.1727    21.1     76      2       4    23.9     15    232    1    100.0   10 
26.06.12  17:00   24.6   24.7   24.6    42   10.8   0.0   ENE   0.00   8.0     E   24.6   24.2   24.2  1018.7  0.00   0.0   0.000   0.043   25.2    48   13.4   25.0   8.90 1.1723    21.1     76      2       4    23.9     15    227    1     99.6   10 
26.06.12  17:10   24.6   24.6   24.6    42   10.8   0.0   ENE   0.00   1.6   ENE   24.6   24.2   24.2  1018.6  0.00   0.0   0.000   0.043   25.2    48   13.4   25.0   8.90 1.1722    21.1     76      2       4    23.9     15    227    1     99.6   10 
26.06.12  17:20   24.5   24.6   24.5    43   11.1   0.0   ---   0.00   0.0   ---   24.5   24.2   24.2  1018.7  0.00   0.0   0.000   0.043   25.3    48   13.5   25.2   8.90 1.1717    21.1     76      2       4    23.9     15    231    1    100.0   10 
26.06.12  17:30   24.3   24.6   24.3    43   10.9   0.0   ---   0.00   0.0   ---   24.3   24.0   24.0  1018.7  0.00   0.0   0.000   0.042   25.3    48   13.5   25.2   8.90 1.1718    21.1     76      2       4    23.9     15    234    1    100.0   10 
26.06.12  17:40   24.3   24.3   24.3    43   10.9   0.0   ---   0.00   0.0   ---   24.3   23.9   23.9  1018.7  0.00   0.0   0.000   0.041   25.3    48   13.5   25.2   8.90 1.1717    21.1     76      2       4    23.9     15    230    1    100.0   10 
26.06.12  17:50   24.2   24.3   24.2    45   11.5   0.0   ---   0.00   0.0   ---   24.2   23.9   23.9  1018.7  0.00   0.0   0.000   0.041   25.3    48   13.5   25.2   8.90 1.1718    21.1     76      2       4    23.9     15    229    1    100.0   10 
26.06.12  18:00   24.1   24.2   24.1    45   11.4   0.0   ---   0.00   0.0   ---   24.1   23.9   23.9  1018.8  0.00   0.0   0.000   0.040   25.3    47   13.2   25.1   8.70 1.1723    21.1     76      2       4    23.9     15    230    1    100.0   10 
26.06.12  18:10   23.9   24.1   23.9    45   11.3   0.0   ---   0.00   0.0   ---   23.9   23.8   23.8  1018.7  0.00   0.0   0.000   0.039   25.3    47   13.2   25.1   8.70 1.1721    21.1     76      2       4    23.9      2    232    1    100.0   10 
26.06.12  18:20   23.8   23.9   23.8    45   11.1   0.0   ---   0.00   0.0   ---   23.8   23.6   23.6  1018.8  0.00   0.0   0.000   0.038   25.3    47   13.2   25.1   8.70 1.1722    21.1     76      2       4    23.9      2    230    1    100.0   10 
26.06.12  18:30   23.7   23.8   23.7    46   11.4   0.0   ---   0.00   0.0   ---   23.7   23.5   23.5  1018.9  0.00   0.0   0.000   0.037   25.4    47   13.3   25.2   8.70 1.1718    21.1     76      2       4    23.9      2    227    1     99.6   10 
26.06.12  18:40   23.7   23.7   23.7    46   11.4   0.0   ---   0.00   0.0   ---   23.7   23.5   23.5  1018.9  0.00   0.0   0.000   0.037   25.4    47   13.3   25.2   8.70 1.1719    21.1     76      2       4    23.3      2    232    1    100.0   10 
26.06.12  18:50   23.7   23.7   23.7    49   12.3   0.0   ---   0.00   0.0   ---   23.7   23.6   23.6  1019.0  0.00   0.0   0.000   0.037   25.4    47   13.3   25.2   8.70 1.1719    21.1     76      2       4    23.3      2    234    1    100.0   10 
26.06.12  19:00   23.4   23.7   23.4    51   12.7   0.0   SSW   0.00   3.2     N   23.4   23.3   23.3  1019.0  0.00   0.0   0.000   0.035   25.4    47   13.3   25.2   8.70 1.1720    21.1     75      2       4    23.3      2    230    1    100.0   10 
26.06.12  19:10   22.9   23.4   22.9    54   13.1   0.0     S   0.00   4.8   SSW   22.9   22.9   22.9  1019.1  0.00   0.0   0.000   0.032   25.4    47   13.3   25.2   8.70 1.1721    21.1     75      2       4    23.3      2    229    1    100.0   10 
26.06.12  19:20   22.6   22.9   22.6    56   13.3   0.0   SSW   0.00   3.2     S   22.6   22.5   22.5  1019.1  0.00   0.0   0.000   0.029   25.4    47   13.3   25.2   8.70 1.1721    21.1     75      3       4    23.3      2    232    1    100.0   10 
26.06.12  19:30   22.2   22.6   22.2    58   13.6   0.0     S   0.00   4.8     S   22.2   22.1   22.1  1019.1  0.00   0.0   0.000   0.027   25.4    47   13.3   25.2   8.70 1.1721    21.7     75      3       4    23.3      2    233    1    100.0   10 
26.06.12  19:40   21.9   22.2   21.9    59   13.5   0.0     S   0.00   3.2    SW   21.9   21.7   21.7  1019.2  0.00   0.0   0.000   0.025   25.4    48   13.6   25.3   8.90 1.1718    21.7     75      3       4    23.3      2    228    1    100.0   10 
26.06.12  19:50   21.6   21.9   21.6    60   13.5   0.0     S   0.00   1.6     S   21.6   21.3   21.3  1019.2  0.00   0.0   0.000   0.023   25.4    48   13.6   25.3   8.90 1.1718    21.7     74      3       4    23.3      2    228    1    100.0   10 
26.06.12  20:00   21.3   21.6   21.3    63   14.0   0.0   ---   0.00   0.0   ---   21.3   21.1   21.1  1019.2  0.00   0.0   0.000   0.021   25.4    48   13.6   25.3   8.90 1.1718    21.7     74      3       4    22.8      2    233    1    100.0   10 
26.06.12  20:10   21.1   21.3   21.1    64   14.0   0.0   SSE   0.00   1.6     S   21.1   20.9   20.9  1019.3  0.00   0.0   0.000   0.019   25.4    48   13.6   25.3   8.90 1.1719    21.7     72      3       4    22.8      2    233    1    100.0   10 
26.06.12  20:20   20.8   21.1   20.8    65   14.0   0.0   ---   0.00   0.0   ---   20.8   20.7   20.7  1019.4  0.00   0.0   0.000   0.017   25.4    48   13.6   25.3   8.90 1.1720    21.7     72      3       4    22.8      2    228    1    100.0   10 
26.06.12  20:30   20.5   20.8   20.5    67   14.2   0.0   ---   0.00   0.0   ---   20.5   20.6   20.6  1019.5  0.00   0.0   0.000   0.015   25.4    48   13.6   25.3   8.90 1.1722    21.7     72      3       4    22.8      2    228    1    100.0   10 
26.06.12  20:40   20.2   20.5   20.2    69   14.3   0.0   ---   0.00   0.0   ---   20.2   20.4   20.4  1019.7  0.00   0.0   0.000   0.013   25.4    48   13.6   25.3   8.90 1.1724    21.7     71      3       4    22.8      2    234    1    100.0   10 
26.06.12  20:50   19.9   20.2   19.9    70   14.3   0.0   ---   0.00   0.0   ---   19.9   20.3   20.3  1019.8  0.00   0.0   0.000   0.011   25.4    50   14.2   25.3   9.20 1.1717    21.1     71      3       5    22.8      2    230    1    100.0   10 
26.06.12  21:00   19.7   19.9   19.7    71   14.3   0.0   ---   0.00   0.0   ---   19.7   19.9   19.9  1019.9  0.00   0.0   0.000   0.009   25.4    50   14.2   25.3   9.20 1.1718    21.1     72      3       5    22.8      2    228    1    100.0   10 
26.06.12  21:10   19.3   19.7   19.3    73   14.3   0.0   ---   0.00   0.0   ---   19.3   19.6   19.6  1019.9  0.00   0.0   0.000   0.007   25.4    51   14.5   25.4   9.35 1.1715    21.1     72      4       5    22.8      2    230    1    100.0   10 
26.06.12  21:20   18.7   19.3   18.7    76   14.3   0.0   ---   0.00   0.0   ---   18.7   18.9   18.9  1019.9  0.00   0.0   0.000   0.002   25.4    51   14.5   25.4   9.35 1.1715    21.1     72      4       5    22.8      2    233    1    100.0   10 
26.06.12  21:30   18.2   18.7   18.2    78   14.3   0.0   ---   0.00   0.0   ---   18.2   18.5   18.5  1019.9  0.00   0.0   0.001   0.000   25.4    51   14.5   25.4   9.35 1.1715    21.1     72      4       5    22.8      2    231    1    100.0   10 
26.06.12  21:40   17.8   18.2   17.8    80   14.3   0.0   ---   0.00   0.0   ---   17.8   18.1   18.1  1020.0  0.00   0.0   0.004   0.000   25.4    52   14.8   25.4   9.50 1.1712    21.1     72      4       5    22.2      2    229    1    100.0   10 
26.06.12  21:50   17.4   17.8   17.4    80   14.0   0.0   ---   0.00   0.0   ---   17.4   17.7   17.7  1020.0  0.00   0.0   0.006   0.000   25.4    52   14.8   25.4   9.50 1.1712    21.1     72      4       5    22.2      2    232    1    100.0   10 
26.06.12  22:00   17.1   17.4   17.1    81   13.8   0.0   ---   0.00   0.0   ---   17.1   17.3   17.3  1020.1  0.00   0.0   0.008   0.000   25.4    52   14.8   25.4   9.50 1.1713    21.1     71      4       5    22.2      2    229    1    100.0   10 
26.06.12  22:10   16.8   17.1   16.8    82   13.7   0.0   ---   0.00   0.0   ---   16.8   17.0   17.0  1020.0  0.00   0.0   0.010   0.000   25.4    52   14.8   25.4   9.50 1.1712    21.1     71      4       6    22.2      2    228    1    100.0   10 
26.06.12  22:20   16.7   16.8   16.7    83   13.8   0.0   ---   0.00   0.0   ---   16.7   16.8   16.8  1020.2  0.00   0.0   0.012   0.000   25.4    52   14.8   25.4   9.50 1.1714    21.1     71      4       6    22.2      2    232    1    100.0   10 
26.06.12  22:30   16.5   16.7   16.5    83   13.6   0.0   ---   0.00   0.0   ---   16.5   16.6   16.6  1020.2  0.00   0.0   0.013   0.000   25.5    52   14.9   25.6   9.49 1.1708    21.1     71      5       6    22.2      2    233    1    100.0   10 
26.06.12  22:40   16.2   16.4   16.2    84   13.5   0.0   ---   0.00   0.0   ---   16.2   16.3   16.3  1020.2  0.00   0.0   0.015   0.000   25.6    51   14.7   25.6   9.35 1.1710    21.1     71      5       6    22.2      2    230    1    100.0   10 
26.06.12  22:50   16.1   16.2   16.1    84   13.4   0.0   ---   0.00   0.0   ---   16.1   16.2   16.2  1020.3  0.00   0.0   0.015   0.000   25.6    51   14.7   25.6   9.35 1.1710    20.6     71      5       6    22.2      2    231    1    100.0   10 
26.06.12  23:00   15.9   16.1   15.9    85   13.4   0.0   ---   0.00   0.0   ---   15.9   16.0   16.0  1020.3  0.00   0.0   0.017   0.000   25.6    51   14.7   25.6   9.35 1.1710    20.6     71      5       7    22.2      2    233    1    100.0   10 
26.06.12  23:10   15.6   15.8   15.6    85   13.0   0.0   ---   0.00   0.0   ---   15.6   15.6   15.6  1020.3  0.00   0.0   0.019   0.000   25.6    51   14.7   25.6   9.35 1.1711    20.6     71      5       7    21.7      2    226    1     99.1   10 
26.06.12  23:20   15.4   15.6   15.4    86   13.1   0.0   ---   0.00   0.0   ---   15.4   15.4   15.4  1020.3  0.00   0.0   0.020   0.000   25.6    51   14.7   25.6   9.35 1.1710    20.6     71      5       7    21.7      2    229    1    100.0   10 
26.06.12  23:30   15.2   15.4   15.2    86   12.9   0.0   ---   0.00   0.0   ---   15.2   15.3   15.3  1020.4  0.00   0.0   0.022   0.000   25.6    51   14.7   25.6   9.35 1.1712    20.6     71      6       7    21.7      2    233    1    100.0   10 
26.06.12  23:40   15.1   15.2   15.1    86   12.7   0.0   ---   0.00   0.0   ---   15.1   15.1   15.1  1020.3  0.00   0.0   0.023   0.000   25.6    51   14.7   25.6   9.35 1.1710    20.6     70      6       8    21.7      2    231    1    100.0   10 
26.06.12  23:50   15.1   15.1   15.1    86   12.7   0.0   ---   0.00   0.0   ---   15.1   15.1   15.1  1020.3  0.00   0.0   0.023   0.000   25.6    51   14.7   25.6   9.35 1.1711    20.6     70      5       8    21.7      2    229    1    100.0   10 
27.06.12  00:00   15.0   15.1   15.0    86   12.7   0.0   ---   0.00   0.0   ---   15.0   15.0   15.0  1020.3  0.00   0.0   0.023   0.000   25.5    50   14.3   25.5   9.19 1.1718    20.6     70      5       8    21.7      2    232    1    100.0   10 
27.06.12   0:10   14.9   15.0   14.9    86   12.6   0.0   ---   0.00   0.0   ---   14.9   14.9   14.9  1020.2  0.00   0.0   0.024   0.000   25.5    50   14.3   25.5   9.19 1.1717    20.6     70      5       8    21.7      2    228    1    100.0   10 
27.06.12   0:20   14.8   14.9   14.8    86   12.5   0.0   ---   0.00   0.0   ---   14.8   14.8   14.8  1020.3  0.00   0.0   0.024   0.000   25.5    50   14.3   25.5   9.19 1.1717    20.0     70      5       8    21.7      2    229    1    100.0   10 
27.06.12   0:30   14.7   14.8   14.7    86   12.4   0.0   ---   0.00   0.0   ---   14.7   14.7   14.7  1020.4  0.00   0.0   0.025   0.000   25.4    50   14.2   25.3   9.20 1.1724    20.0     70      5       8    21.7      2    233    1    100.0   10 
27.06.12   0:40   14.7   14.7   14.7    87   12.6   0.0   ---   0.00   0.0   ---   14.7   14.7   14.7  1020.4  0.00   0.0   0.025   0.000   25.4    50   14.2   25.3   9.20 1.1724    20.0     70      6       8    21.7      2    230    1    100.0   10 
27.06.12   0:50   14.7   14.8   14.7    86   12.3   0.0   ---   0.00   0.0   ---   14.7   14.7   14.7  1020.4  0.00   0.0   0.025   0.000   25.4    50   14.2   25.3   9.20 1.1724    20.0     70      6       9    21.7      2    228    1    100.0   10 
27.06.12   1:00   14.5   14.7   14.5    87   12.4   0.0   ---   0.00   0.0   ---   14.5   14.5   14.5  1020.3  0.00   0.0   0.027   0.000   25.3    50   14.1   25.2   9.20 1.1729    20.0     69      6       9    21.1      2    232    1    100.0   10 
27.06.12   1:10   14.4   14.5   14.4    87   12.3   0.0   ---   0.00   0.0   ---   14.4   14.4   14.4  1020.2  0.00   0.0   0.027   0.000   25.3    50   14.1   25.2   9.20 1.1728    20.0     69      6       9    21.1      2    228    1    100.0   10 
27.06.12   1:20   14.3   14.4   14.3    87   12.1   0.0   ---   0.00   0.0   ---   14.3   14.3   14.3  1020.3  0.00   0.0   0.028   0.000   25.2    50   14.0   25.1   9.20 1.1734    20.0     69      6       9    21.1      2    230    1    100.0   10 
27.06.12   1:30   14.3   14.3   14.3    87   12.2   0.0   ---   0.00   0.0   ---   14.3   14.3   14.3  1020.3  0.00   0.0   0.028   0.000   25.2    50   14.0   25.1   9.20 1.1734    20.0     69      6      10    21.1      2    234    1    100.0   10 
27.06.12   1:40   14.5   14.5   14.3    87   12.4   0.0   ---   0.00   0.0   ---   14.5   14.5   14.5  1020.4  0.00   0.0   0.027   0.000   25.2    50   14.0   25.1   9.20 1.1735    20.0     69      7      10    21.1      2    229    1    100.0   10 
27.06.12   1:50   14.7   14.7   14.5    86   12.3   0.0   ---   0.00   0.0   ---   14.7   14.7   14.7  1020.4  0.00   0.0   0.025   0.000   25.1    50   14.0   25.0   9.21 1.1738    20.0     70      7      10    21.1      2    227    1     99.6   10 
27.06.12   2:00   14.9   14.9   14.7    86   12.6   0.0   ENE   0.00   3.2   ENE   14.9   14.9   14.9  1020.7  0.00   0.0   0.024   0.000   25.1    50   14.0   25.0   9.21 1.1742    20.0     70      7      10    21.1      2    233    1    100.0   10 
27.06.12   2:10   15.3   15.3   14.9    87   13.2   0.0   ENE   0.00   3.2    NE   15.3   15.4   15.4  1021.0  0.00   0.0   0.021   0.000   25.0    50   13.9   24.9   9.21 1.1751    20.0     70      7      10    21.1      2    229    1    100.0   10 
27.06.12   2:20   16.0   16.0   15.3    84   13.3   0.0    NE   0.00   3.2   ENE   16.0   16.1   16.1  1021.1  0.00   0.0   0.016   0.000   24.8    50   13.6   24.7   9.22 1.1764    20.0     71      8      11    21.1      2    229    1    100.0   10 
27.06.12   2:30   16.6   16.6   16.0    81   13.3   0.0   ENE   0.00   3.2    NE   16.6   16.7   16.7  1021.2  0.00   0.0   0.012   0.000   24.7    50   13.5   24.6   9.22 1.1770    20.0     70      8      11    21.1      2    234    1    100.0   10 
27.06.12   2:40   16.9   16.9   16.6    80   13.5   0.0   ---   0.00   0.0   ---   16.9   17.1   17.1  1020.9  0.00   0.0   0.010   0.000   24.7    50   13.5   24.6   9.22 1.1766    20.0     70      8      11    21.1      2    231    1    100.0   10 
27.06.12   2:50   17.0   17.1   16.9    81   13.7   0.0   ---   0.00   0.0   ---   17.0   17.2   17.2  1020.3  0.00   0.0   0.009   0.000   24.7    51   13.9   24.7   9.35 1.1756    20.0     71      8      12    21.1      2    228    1    100.0   10 
27.06.12   3:00   16.8   17.0   16.8    82   13.7   0.0   ---   0.00   0.0   ---   16.8   17.0   17.0  1020.4  0.00   0.0   0.010   0.000   24.7    51   13.9   24.7   9.35 1.1757    20.0     72      8      12    21.1      2    231    1    100.0   10 
27.06.12   3:10   16.8   16.8   16.8    84   14.1   0.0   ---   0.00   0.0   ---   16.8   16.9   16.9  1020.4  0.00   0.0   0.011   0.000   24.7    51   13.9   24.7   9.35 1.1757    20.0     72      9      12    21.1      2    229    1    100.0   10 
27.06.12   3:20   16.7   16.8   16.7    84   14.0   0.0   ---   0.00   0.0   ---   16.7   16.9   16.9  1020.5  0.00   0.0   0.011   0.000   24.7    51   13.9   24.7   9.35 1.1758    20.0     72      9      13    21.1      2    229    1    100.0   10 
27.06.12   3:30   16.7   16.7   16.7    81   13.4   0.0   ENE   0.00   1.6   ENE   16.7   16.8   16.8  1020.8  0.00   0.0   0.012   0.000   24.7    51   13.9   24.7   9.35 1.1761    20.0     71      9      13    21.1      2    233    1    100.0   10 
27.06.12   3:40   16.9   16.9   16.7    78   13.1   0.0   ---   0.00   0.0   ---   16.9   17.0   17.0  1020.6  0.00   0.0   0.010   0.000   24.7    52   14.2   24.7   9.52 1.1755    20.0     70      9      13    21.1      2    233    1    100.0   10 
27.06.12   3:50   17.1   17.1   16.9    79   13.4   0.0   ---   0.00   0.0   ---   17.1   17.2   17.2  1020.6  0.00   0.0   0.009   0.000   24.7    52   14.2   24.7   9.52 1.1756    20.0     70     10      14    21.1      2    230    1    100.0   10 
27.06.12   4:00   16.9   17.1   16.9    78   13.1   0.0   SSE   0.00   1.6   SSE   16.9   17.0   17.0  1020.6  0.00   0.0   0.010   0.000   24.7    51   13.9   24.7   9.35 1.1759    20.0     70     10      14    21.1      1    229    1    100.0   10 
27.06.12   4:10   16.9   17.0   16.9    79   13.3   0.0   ---   0.00   0.0   ---   16.9   17.1   17.1  1020.6  0.00   0.0   0.010   0.000   24.6    51   13.8   24.6   9.35 1.1762    20.0     70     10      14    21.1      1    232    1    100.0   10 
27.06.12   4:20   16.8   16.9   16.8    80   13.4   0.0   ---   0.00   0.0   ---   16.8   16.9   16.9  1020.6  0.00   0.0   0.010   0.000   24.6    51   13.8   24.6   9.35 1.1762    20.0     70     11      15    21.1      1    227    1     99.6   10 
27.06.12   4:30   16.6   16.8   16.6    82   13.5   0.0   ---   0.00   0.0   ---   16.6   16.7   16.7  1020.7  0.00   0.0   0.012   0.000   24.6    51   13.8   24.6   9.35 1.1763    20.0     71     11      15    21.1      2    227    1     99.6   10 
27.06.12   4:40   16.4   16.6   16.4    83   13.5   0.0   ---   0.00   0.0   ---   16.4   16.6   16.6  1020.7  0.00   0.0   0.013   0.000   24.6    51   13.8   24.6   9.35 1.1764    20.0     71     11      16    21.1      1    234    1    100.0   10 
27.06.12   4:50   16.4   16.4   16.4    84   13.7   0.0   SSE   0.00   1.6   SSE   16.4   16.5   16.5  1020.8  0.00   0.0   0.014   0.000   24.6    52   14.1   24.7   9.52 1.1761    20.0     71     12      16    21.1      2    232    1    100.0   10 
27.06.12   5:00   16.3   16.4   16.3    84   13.6   0.0   ---   0.00   0.0   ---   16.3   16.4   16.4  1020.9  0.00   0.0   0.014   0.000   24.6    52   14.1   24.7   9.52 1.1762    20.0     71     12      16    21.1      2    229    1    100.0   10 
27.06.12   5:10   16.3   16.3   16.3    84   13.6   0.0   ---   0.00   0.0   ---   16.3   16.4   16.4  1020.9  0.00   0.0   0.014   0.000   24.7    52   14.2   24.7   9.52 1.1759    20.0     71     12      17    21.1      1    231    1    100.0   10 
27.06.12   5:20   16.2   16.3   16.2    83   13.3   0.0   ENE   0.00   3.2   ENE   16.2   16.3   16.3  1021.0  0.00   0.0   0.015   0.000   24.7    52   14.2   24.7   9.52 1.1761    20.0     71     13      17    21.1      1    232    1    100.0   10 
27.06.12   5:30   16.2   16.2   16.2    83   13.3   0.0   ENE   0.00   3.2   ENE   16.2   16.2   16.2  1021.1  0.00   0.0   0.015   0.000   24.8    52   14.3   24.8   9.52 1.1756    20.0     71     13      18    21.1      1    227    1     99.6   10 
27.06.12   5:40   16.3   16.3   16.2    83   13.4   0.0   ---   0.00   0.0   ---   16.3   16.4   16.4  1021.0  0.00   0.0   0.014   0.000   24.9    51   14.1   24.8   9.35 1.1753    20.0     71     13      18    21.1      1    231    1    100.0   10 
27.06.12   5:50   16.5   16.5   16.3    83   13.6   0.0   ---   0.00   0.0   ---   16.5   16.6   16.6  1021.0  0.00   0.0   0.013   0.000   24.8    52   14.3   24.8   9.52 1.1755    20.0     71     14      19    21.1      1    234    1    100.0   10 
27.06.12   6:00   16.8   16.8   16.5    82   13.7   0.0   ---   0.00   0.0   ---   16.8   16.9   16.9  1021.0  0.00   0.0   0.011   0.000   24.8    52   14.3   24.8   9.52 1.1755    20.0     71     14      19    21.1      1    230    1    100.0   10 
27.06.12   6:10   17.1   17.1   16.8    81   13.8   0.0   ---   0.00   0.0   ---   17.1   17.2   17.2  1021.1  0.00   0.0   0.009   0.000   24.8    52   14.3   24.8   9.52 1.1756    20.0     71     15      20    21.1      1    230    1    100.0   10 
27.06.12   6:20   17.4   17.4   17.1    78   13.6   0.0   ---   0.00   0.0   ---   17.4   17.6   17.6  1021.1  0.00   0.0   0.006   0.000   24.9    52   14.4   24.9   9.51 1.1750    20.0     71     15      20    21.1      1    232    1    100.0   10 
