                  Temp     Hi    Low   Out    Dew  Wind  Wind   Wind    Hi    Hi   Wind   Heat    THW                Rain    Heat    Cool    In     In    In     In     In   In Air   Temp    Hum  Soil 3  Soil 4   Soil    Leaf  Wind  Wind    ISS   Arc.
  Date    Time     Out   Temp   Temp   Hum    Pt. Speed   Dir    Run Speed   Dir  Chill  Index  Index   Bar    Rain  Rate    D-D     D-D    Temp   Hum    Dew   Heat    EMC Density    2nd    2nd  Moist.  Moist.  Temp 1  Wet 1  Samp   Tx   Recept  Int.
------------------------------------------------------------------------------------------------------------------------------------------------------------------------------------------------------------------------------------------------------------
11/23/12 12:30a    8.6    8.6    8.5    95    7.8   0.0     E   0.00   3.2     E    8.6    8.7    8.7  1025.2  0.00   0.0   0.204   0.000   20.6    52   10.4   19.9   9.67 1.2017    13.9     78     12       8     9.4      0    692    1    100.0   30 
11/23/12  1:00a    8.4    8.6    8.4    95    7.7   0.0     E   0.00   3.2     E    8.4    8.6    8.6  1025.0  0.00   0.0   0.206   0.000   20.5    51   10.0   19.8   9.47 1.2021    13.9     78     12       8     9.4      0    683    1     99.9   30 
11/23/12  1:30a    8.3    8.4    8.3    95    7.6   0.0     E   0.00   4.8     E    8.3    8.5    8.5  1025.0  0.00   0.0   0.208   0.000   20.4    51    9.9   19.7   9.48 1.2026    13.3     78     12       8     9.4      0    701    1    100.0   30 
11/23/12  2:00a    8.3    8.3    8.3    96    7.7   0.0     E   0.00   3.2     E    8.3    8.4    8.4  1025.1  0.00   0.0   0.209   0.000   20.4    51    9.9   19.7   9.48 1.2027    13.3     79     12       8     9.4      0    683    1     99.9   30 
11/23/12  2:30a    8.2    8.3    8.2    96    7.6   0.0     E   0.00   1.6     E    8.2    8.4    8.4  1024.9  0.00   0.0   0.211   0.000   20.3    51    9.8   19.6   9.48 1.2030    13.3     79     12       8     9.4      0    699    1    100.0   30 
11/23/12  3:00a    8.2    8.2    8.2    96    7.6   0.0   ---   0.00   0.0   ---    8.2    8.4    8.4  1024.7  0.00   0.0   0.211   0.000   20.2    51    9.8   19.6   9.48 1.2030    13.3     79     12       8     9.4      9    692    1    100.0   30 
11/23/12  3:30a    8.2    8.2    8.2    96    7.6   0.0   ---   0.00   0.0   ---    8.2    8.3    8.3  1024.4  0.00   0.0   0.212   0.000   20.1    51    9.7   19.4   9.49 1.2033    13.3     78     12       8     9.4      8    690    1    100.0   30 
11/23/12  4:00a    8.2    8.2    8.1    96    7.6   0.0   ---   0.00   0.0   ---    8.2    8.3    8.3  1024.3  0.00   0.0   0.212   0.000   20.0    51    9.6   19.3   9.49 1.2037    13.3     78     12       8     9.4      4    694    1    100.0   30 
11/23/12  4:30a    8.1    8.2    8.1    96    7.5   0.0   ---   0.00   0.0   ---    8.1    8.3    8.3  1024.1  0.00   0.0   0.213   0.000   19.9    51    9.5   19.3   9.49 1.2038    13.3     78     12       8     9.4      2    690    1    100.0   30 
11/23/12  5:00a    8.1    8.2    8.1    96    7.5   0.0     E   0.00   1.6     E    8.1    8.2    8.2  1024.0  0.00   0.0   0.214   0.000   19.9    50    9.2   19.2   9.29 1.2039    13.3     78     12       8     9.4      0    692    1    100.0   30 
11/23/12  5:30a    8.1    8.1    8.1    96    7.5   0.0     E   0.00   1.6     E    8.1    8.2    8.2  1023.9  0.00   0.0   0.214   0.000   19.8    50    9.1   19.1   9.30 1.2044    13.3     79     12       8     9.4      0    692    1    100.0   30 
11/23/12  6:00a    8.1    8.1    8.0    96    7.5   0.0   ---   0.00   0.0   ---    8.1    8.2    8.2  1023.9  0.00   0.0   0.214   0.000   19.7    50    9.0   18.9   9.30 1.2049    13.3     78     12       8     9.4      0    693    1    100.0   30 
11/23/12  6:30a    8.0    8.1    8.0    96    7.4   0.0   ---   0.00   0.0   ---    8.0    8.2    8.2  1024.1  0.00   0.0   0.215   0.000   19.7    50    9.0   18.9   9.30 1.2051    13.3     79     12       8     9.4      1    691    1    100.0   30 
11/23/12  7:00a    8.0    8.0    8.0    97    7.6   0.0   ---   0.00   0.0   ---    8.0    8.2    8.2  1024.1  0.00   0.0   0.215   0.000   19.7    50    8.9   18.9   9.30 1.2055    13.3     79     12       8     9.4      1    698    1    100.0   30 
11/23/12  7:30a    8.0    8.0    7.9    97    7.6   0.0   ---   0.00   0.0   ---    8.0    8.2    8.2  1024.4  0.00   0.0   0.215   0.000   19.6    50    8.8   18.8   9.31 1.2063    13.3     79     12       8     9.4      2    684    1    100.0   30 
11/23/12  8:00a    8.1    8.1    8.0    97    7.6   0.0   ---   0.00   0.0   ---    8.1    8.3    8.3  1024.3  0.00   0.0   0.214   0.000   19.4    50    8.7   18.7   9.31 1.2068    12.8     79     12       8     9.4      4    698    1    100.0   30 
11/23/12  8:30a    8.2    8.2    8.1    97    7.8   0.0   ---   0.00   0.0   ---    8.2    8.4    8.4  1024.4  0.00   0.0   0.211   0.000   19.4    50    8.7   18.7   9.31 1.2068    12.8     79     12       8     9.4     15    686    1    100.0   30 
11/23/12  9:00a    8.3    8.4    8.2    97    7.9   0.0   ---   0.00   0.0   ---    8.3    8.6    8.6  1024.4  0.00   0.0   0.208   0.000   19.4    50    8.7   18.6   9.31 1.2072    12.8     79     12       8     9.4     15    692    1    100.0   30 
11/23/12  9:30a    8.5    8.6    8.3    98    8.2   0.0     S   0.00   4.8     S    8.5    8.7    8.7  1024.5  0.00   0.0   0.205   0.000   19.4    50    8.7   18.6   9.31 1.2073    12.8     79     12       8     9.4     15    698    1    100.0   30 
11/23/12 10:00a    8.7    8.7    8.5    98    8.4   1.6     S   0.80   6.4    SW    8.7    8.9    8.9  1024.5  0.00   0.0   0.201   0.000   19.3    50    8.6   18.4   9.32 1.2078    12.8     79     12       8     9.4     15    681    1     99.6   30 
11/23/12 10:30a    8.6    8.7    8.6    98    8.3   1.6    SW   0.80   8.0   WSW    8.6    8.9    8.9  1024.7  0.00   0.0   0.203   0.000   19.3    50    8.6   18.4   9.32 1.2081    12.8     80     12       8     9.4     15    702    1    100.0   30 
11/23/12 11:00a    8.7    8.7    8.6    98    8.4   0.0   SSW   0.00   3.2   SSW    8.7    9.0    9.0  1024.4  0.00   0.0   0.200   0.000   19.4    54    9.9   18.9  10.07 1.2058    13.3     80     12       8     9.4     15    684    1    100.0   30 
11/23/12 11:30a    8.8    8.8    8.7    98    8.5   0.0   SSW   0.00   4.8   SSW    8.8    9.1    9.1  1024.2  0.00   0.0   0.198   0.000   19.9    57   11.2   19.6  10.59 1.2022    13.9     79     12       8     9.4     15    696    1    100.0   30 
11/23/12 12:00p    9.1    9.1    8.8    98    8.8   0.0   SSW   0.00   4.8   SSW    9.1    9.4    9.4  1023.9  0.00   0.0   0.192   0.000   20.3    58   11.7   19.9  10.75 1.1999    13.9     79     12       8     9.4      1    692    1    100.0   30 
11/23/12 12:30p    9.4    9.4    9.1    97    9.0   1.6     S   0.80   4.8     S    9.4    9.7    9.7  1023.6  0.00   0.0   0.185   0.000   20.6    56   11.5   20.1  10.37 1.1987    13.9     79     12       8     9.4      1    692    1    100.0   30 
11/23/12  1:00p    9.8    9.8    9.4    96    9.2   0.0   SSW   0.00   3.2   SSW    9.8   10.1   10.1  1023.3  0.00   0.0   0.177   0.000   20.7    55   11.3   20.1  10.17 1.1981    13.9     79     12       8     9.4      1    691    1    100.0   30 
11/23/12  1:30p   10.1   10.2    9.8    94    9.1   0.0   SSW   0.00   1.6   SSW   10.1   10.3   10.3  1023.4  0.00   0.0   0.172   0.000   20.8    54   11.1   20.1   9.97 1.1979    13.9     79     12       8     9.4      0    699    1    100.0   30 
11/23/12  2:00p   10.2   10.2   10.1    94    9.2   0.0   SSW   0.00   1.6   SSW   10.2   10.4   10.4  1023.3  0.00   0.0   0.170   0.000   20.9    53   10.9   20.2   9.86 1.1975    13.9     79     12       8     9.4      0    681    1     99.6   30 
11/23/12  2:30p   10.1   10.2   10.1    94    9.2   0.0   SSW   0.00   3.2   SSW   10.1   10.3   10.3  1023.3  0.00   0.0   0.171   0.000   20.9    53   11.0   20.2   9.86 1.1973    14.4     79     12       8     9.4      0    703    1    100.0   30 
11/23/12  3:00p   10.0   10.1   10.0    93    8.9   0.0   SSW   0.00   3.2   SSW   10.0   10.2   10.2  1023.6  0.00   0.0   0.174   0.000   20.9    54   11.2   20.2   9.97 1.1976    14.4     79     12       8     9.4      0    680    1     99.4   30 
11/23/12  3:30p    9.8   10.0    9.8    94    8.9   0.0   SSW   0.00   4.8   SSW    9.8   10.1   10.1  1023.8  0.00   0.0   0.178   0.000   20.9    54   11.2   20.2   9.97 1.1978    14.4     79     12       8     9.4      0    699    1    100.0   30 
11/23/12  4:00p    9.6    9.8    9.6    94    8.6   0.0     S   0.00   6.4     S    9.6    9.8    9.8  1023.8  0.00   0.0   0.183   0.000   20.9    54   11.2   20.2   9.97 1.1978    14.4     78     12       8     9.4      0    692    1    100.0   30 
11/23/12  4:30p    9.4    9.6    9.4    95    8.6   0.0   SSW   0.00   6.4     S    9.4    9.7    9.7  1023.7  0.00   0.0   0.186   0.000   20.9    54   11.3   20.2   9.96 1.1974    14.4     78     12       8     9.4      0    691    1    100.0   30 
11/23/12  5:00p    9.3    9.4    9.3    95    8.6   0.0   SSW   0.00   4.8   SSW    9.3    9.6    9.6  1023.9  0.00   0.0   0.188   0.000   21.2    54   11.5   20.4   9.95 1.1965    15.0     78     12       8     9.4      1    692    1    100.0   30 
11/23/12  5:30p    9.2    9.3    9.2    96    8.6   0.0   SSW   0.00   3.2   SSW    9.2    9.5    9.5  1024.2  0.00   0.0   0.190   0.000   21.3    54   11.6   20.6   9.94 1.1961    15.0     78     12       8     9.4      3    694    1    100.0   30 
11/23/12  6:00p    9.1    9.2    9.1    96    8.5   0.0   SSW   0.00   4.8   SSW    9.1    9.4    9.4  1024.3  0.00   0.0   0.192   0.000   21.4    54   11.7   20.8   9.94 1.1956    15.0     78     12       8     9.4     10    691    1    100.0   30 
11/23/12  6:30p    9.1    9.1    9.1    96    8.5   0.0   SSW   0.00   4.8     S    9.1    9.3    9.3  1024.5  0.00   0.0   0.193   0.000   21.6    54   11.9   21.0   9.93 1.1950    15.0     78     12       8     9.4     10    698    1    100.0   30 
11/23/12  7:00p    9.1    9.1    9.0    97    8.6   0.0     S   0.00   4.8     S    9.1    9.3    9.3  1024.6  0.00   0.0   0.193   0.000   21.7    54   12.0   21.2   9.93 1.1945    15.0     77     12       8     9.4     12    686    1    100.0   30 
11/23/12  7:30p    9.0    9.1    9.0    97    8.5   0.0   SSW   0.00   3.2   SSW    9.0    9.3    9.3  1024.8  0.00   0.0   0.194   0.000   21.8    54   12.1   21.2   9.93 1.1945    15.0     77     12       8     9.4     15    695    1    100.0   30 
11/23/12  8:00p    9.0    9.1    9.0    97    8.5   0.0   SSW   0.00   1.6   SSW    9.0    9.3    9.3  1024.9  0.00   0.0   0.194   0.000   21.9    54   12.2   21.4   9.92 1.1941    15.0     77     12       8     9.4     15    695    1    100.0   30 
11/23/12  8:30p    8.9    9.0    8.9    97    8.5   0.0   SSW   0.00   1.6   SSW    8.9    9.2    9.2  1025.2  0.00   0.0   0.196   0.000   22.0    54   12.3   21.6   9.92 1.1938    15.0     77     12       8     9.4     15    684    1    100.0   30 
11/23/12  9:00p    8.8    8.9    8.8    97    8.4   0.0   SSW   0.00   1.6   SSW    8.8    9.1    9.1  1025.3  0.20   0.0   0.198   0.000   22.0    54   12.3   21.6   9.92 1.1940    15.0     77     12       8     9.4     15    699    1    100.0   30 
11/23/12  9:30p    8.8    8.8    8.8    97    8.4   0.0   SSW   0.00   1.6   SSW    8.8    9.1    9.1  1025.3  0.00   0.0   0.198   0.000   21.9    54   12.2   21.4   9.92 1.1945    15.0     77     12       8     9.4     15    680    1     99.4   30 
11/23/12 10:00p    8.8    8.8    8.8    97    8.3   0.0   SSW   0.00   3.2   SSW    8.8    9.1    9.1  1025.2  0.00   0.0   0.199   0.000   21.8    54   12.1   21.2   9.93 1.1950    14.4     78     12       8     9.4     15    697    1    100.0   30 
11/23/12 10:30p    8.8    8.8    8.8    97    8.3   0.0   ---   0.00   0.0   ---    8.8    9.1    9.1  1025.3  0.00   0.0   0.199   0.000   21.7    54   12.0   21.2   9.93 1.1954    14.4     78     12       8     9.4     15    694    1    100.0   30 
11/23/12 11:00p    8.6    8.8    8.5    97    8.1   0.0   ---   0.00   0.0   ---    8.6    8.8    8.8  1025.5  0.00   0.0   0.204   0.000   21.6    54   11.9   21.0   9.93 1.1961    14.4     78     12       8     9.4     15    682    1     99.7   30 
11/23/12 11:30p    8.3    8.6    8.3    97    7.9   0.0   ---   0.00   0.0   ---    8.3    8.6    8.6  1025.4  0.00   0.0   0.208   0.000   21.5    54   11.8   20.8   9.94 1.1967    14.4     78     12       8     9.4     15    699    1    100.0   30 
11/24/12 12:00a    8.1    8.3    8.1    97    7.6   0.0   ---   0.00   0.0   ---    8.1    8.3    8.3  1025.1  0.00   0.0   0.214   0.000   21.5    54   11.8   20.8   9.94 1.1963    14.4     78     12       8     9.4     15    684    1    100.0   30 
11/24/12 12:30a    7.8    8.1    7.8    97    7.4   0.0   SSW   0.00   1.6   SSW    7.8    8.0    8.0  1025.2  0.00   0.0   0.219   0.000   21.4    54   11.7   20.8   9.94 1.1966    14.4     78     12       8     9.4     15    695    1    100.0   30 
11/24/12  1:00a    7.9    7.9    7.7    98    7.6   0.0   ---   0.00   0.0   ---    7.9    8.1    8.1  1025.3  0.00   0.0   0.218   0.000   21.4    54   11.7   20.8   9.94 1.1967    14.4     78     12       8     9.4     15    691    1    100.0   30 
11/24/12  1:30a    7.9    7.9    7.9    98    7.6   0.0   ---   0.00   0.0   ---    7.9    8.2    8.2  1025.3  0.00   0.0   0.216   0.000   21.3    53   11.4   20.6   9.83 1.1977    13.9     78     12       8     9.4     15    682    1     99.7   30 
11/24/12  2:00a    7.7    7.9    7.7    98    7.4   0.0   ---   0.00   0.0   ---    7.7    7.9    7.9  1025.3  0.00   0.0   0.221   0.000   21.2    53   11.3   20.4   9.84 1.1982    13.9     78     12       8     9.4     15    699    1    100.0   30 
11/24/12  2:30a    7.4    7.7    7.4    97    7.0   0.0   ---   0.00   0.0   ---    7.4    7.6    7.6  1025.1  0.00   0.0   0.227   0.000   21.2    53   11.3   20.4   9.84 1.1980    14.4     77     12       8     9.4     15    687    1    100.0   30 
11/24/12  3:00a    7.1    7.4    7.1    97    6.6   0.0   ---   0.00   0.0   ---    7.1    7.2    7.2  1025.0  0.00   0.0   0.235   0.000   21.2    52   11.0   20.4   9.65 1.1981    14.4     77     12       8     9.4     15    692    1    100.0   30 
11/24/12  3:30a    6.7    7.1    6.7    97    6.2   0.0   ---   0.00   0.0   ---    6.7    6.8    6.8  1024.8  0.00   0.0   0.243   0.000   21.2    52   10.9   20.3   9.65 1.1982    13.9     76     12       8     9.4     15    695    1    100.0   30 
11/24/12  4:00a    6.1    6.7    6.1    97    5.6   0.0   SSW   0.00   1.6   SSW    6.1    6.2    6.2  1024.8  0.00   0.0   0.256   0.000   21.1    52   10.8   20.2   9.65 1.1987    13.9     76     12       8     9.4     15    682    1     99.7   30 
11/24/12  4:30a    5.9    6.1    5.9    97    5.5   0.0   ---   0.00   0.0   ---    5.9    6.1    6.1  1024.9  0.00   0.0   0.258   0.000   21.1    51   10.5   20.2   9.45 1.1992    13.9     75     12       8     9.4     15    701    1    100.0   30 
11/24/12  5:00a    6.1    6.1    5.8    98    5.8   0.0   SSW   0.00   1.6   SSW    6.1    6.2    6.2  1024.9  0.00   0.0   0.255   0.000   20.9    51   10.4   20.1   9.46 1.1997    13.9     75     12       8     9.4     15    691    1    100.0   30 
11/24/12  5:30a    6.2    6.2    6.1    98    5.9   0.0   SSW   0.00   1.6   SSW    6.2    6.3    6.3  1024.9  0.00   0.0   0.252   0.000   20.9    51   10.4   20.1   9.46 1.1999    13.9     76     12       8     9.4     14    685    1    100.0   30 
11/24/12  6:00a    6.2    6.2    6.2    98    5.9   0.0   ---   0.00   0.0   ---    6.2    6.3    6.3  1025.0  0.00   0.0   0.253   0.000   20.9    51   10.4   20.1   9.46 1.2001    13.9     75     12       8     9.4     13    697    1    100.0   30 
11/24/12  6:30a    6.2    6.2    6.2    98    5.9   0.0   ---   0.00   0.0   ---    6.2    6.3    6.3  1024.9  0.00   0.0   0.253   0.000   20.8    51   10.3   20.0   9.46 1.2006    13.9     75     12       8     8.9     13    684    1    100.0   30 
11/24/12  7:00a    6.1    6.2    6.1    98    5.8   0.0   ---   0.00   0.0   ---    6.1    6.2    6.2  1025.0  0.00   0.0   0.255   0.000   20.7    50    9.9   19.8   9.27 1.2015    13.9     75     12       8     8.9     13    692    1    100.0   30 
11/24/12  7:30a    6.4    6.4    6.2    98    6.1   0.0   ---   0.00   0.0   ---    6.4    6.6    6.6  1025.2  0.00   0.0   0.249   0.000   20.6    50    9.8   19.8   9.27 1.2023    13.9     75     12       8     8.9     12    697    1    100.0   30 
11/24/12  8:00a    6.9    6.9    6.4    98    6.7   0.0   SSW   0.00   1.6   SSW    6.9    7.1    7.1  1025.3  0.00   0.0   0.237   0.000   20.5    50    9.7   19.7   9.27 1.2027    13.9     75     12       8     8.9     10    684    1    100.0   30 
11/24/12  8:30a    7.6    7.6    6.9    98    7.3   0.0   ---   0.00   0.0   ---    7.6    7.7    7.7  1025.5  0.00   0.0   0.225   0.000   20.4    50    9.6   19.6   9.28 1.2035    13.9     75     12       8     8.9      3    697    1    100.0   30 
11/24/12  9:00a    7.9    7.9    7.6    98    7.6   0.0   SSW   0.00   4.8   SSW    7.9    8.2    8.2  1025.4  0.00   0.0   0.216   0.000   20.4    50    9.6   19.6   9.28 1.2033    13.3     75     12       8     8.9      1    693    1    100.0   30 
11/24/12  9:30a    9.2    9.2    7.9    98    8.9   0.0   SSW   0.00   3.2   SSW    9.2    9.4    9.4  1025.6  0.00   0.0   0.191   0.000   20.3    50    9.5   19.5   9.28 1.2041    13.3     76     12       8     8.9      1    687    1    100.0   30 
11/24/12 10:00a    9.9    9.9    9.2    98    9.6   0.0   SSW   0.00   4.8   WSW    9.9   10.3   10.3  1025.5  0.00   0.0   0.175   0.000   20.2    51    9.8   19.6   9.48 1.2040    13.3     77     12       8     8.9      0    702    1    100.0   30 
11/24/12 10:30a   10.5   10.5    9.9    93    9.4   1.6    NW   0.80   6.4   WSW   10.5   10.7   10.7  1025.5  0.00   0.0   0.163   0.000   20.2    50    9.5   19.5   9.28 1.2043    13.3     77     12       8     8.9      0    678    1     99.1   30 
11/24/12 11:00a   11.6   11.6   10.6    89    9.8   4.8    NW   2.41   9.7     W   11.6   11.6   11.6  1025.2  0.00   0.0   0.141   0.000   20.2    51    9.8   19.6   9.48 1.2037    13.9     78     12       8     8.9      0    698    1    100.0   30 
11/24/12 11:30a   11.5   11.6   11.4    87    9.4   4.8   WNW   2.41   9.7   WNW   11.5   11.5   11.5  1025.0  0.00   0.0   0.142   0.000   20.4    51    9.9   19.7   9.48 1.2026    13.9     78     12       8     9.4      0    688    1    100.0   30 
11/24/12 12:00p   11.8   11.8   11.5    84    9.2   4.8   WNW   2.41   9.7   WNW   11.8   11.7   11.7  1025.0  0.00   0.0   0.137   0.000   20.5    51   10.0   19.8   9.47 1.2020    13.9     77     12       8     9.4      0    690    1    100.0   30 
11/24/12 12:30p   12.2   12.2   11.7    83    9.4   1.6   WNW   0.80   8.0     W   12.2   12.1   12.1  1024.8  0.00   0.0   0.128   0.000   20.6    51   10.1   19.8   9.47 1.2015    13.9     78     12       8     9.4      0    697    1    100.0   30 
11/24/12  1:00p   12.2   12.3   12.2    77    8.3   3.2   WNW   1.61   9.7    NW   12.2   12.0   12.0  1024.4  0.00   0.0   0.127   0.000   20.6    51   10.1   19.8   9.47 1.2010    14.4     77     12       8     9.4      0    684    1    100.0   30 
11/24/12  1:30p   12.3   12.3   12.2    76    8.2   3.2   WNW   1.61  11.3     W   12.3   12.1   12.1  1024.4  0.00   0.0   0.125   0.000   20.7    51   10.2   19.9   9.47 1.2005    14.4     77     12       8     9.4      0    699    1    100.0   30 
11/24/12  2:00p   12.3   12.5   12.3    76    8.2   3.2   WNW   1.61   9.7   WNW   12.3   12.1   12.1  1024.3  0.00   0.0   0.125   0.000   20.7    51   10.2   19.9   9.47 1.2003    14.4     76     12       8     9.4      0    686    1    100.0   30 
11/24/12  2:30p   12.4   12.4   12.3    74    7.9   0.0   WNW   0.00   3.2   WNW   12.4   12.2   12.2  1024.3  0.00   0.0   0.123   0.000   20.8    51   10.3   20.0   9.46 1.1998    14.4     76     12       8     9.4      0    689    1    100.0   30 
11/24/12  3:00p   12.8   12.8   12.4    73    8.1   3.2   WNW   1.61   9.7     W   12.8   12.4   12.4  1024.0  0.00   0.0   0.116   0.000   20.8    50   10.0   19.9   9.26 1.1998    14.4     76     12       8     9.4      0    693    1    100.0   30 
11/24/12  3:30p   11.7   12.8   11.7    86    9.4   1.6     S   0.80   8.0   SSE   11.7   11.6   11.6  1024.0  0.00   0.0   0.139   0.000   20.8    49    9.7   19.9   9.06 1.2001    14.4     76     12       8    10.0      0    692    1    100.0   30 
11/24/12  4:00p   10.8   11.6   10.8    89    9.0   1.6     S   0.80   8.0    SW   10.8   10.9   10.9  1024.1  0.00   0.0   0.157   0.000   20.7    50    9.9   19.8   9.27 1.2005    14.4     76     12       8    10.0      0    689    1    100.0   30 
11/24/12  4:30p    9.7   10.8    9.7    91    8.3   0.0     S   0.00   4.8   WSW    9.7    9.9    9.9  1024.1  0.00   0.0   0.179   0.000   20.8    50   10.0   19.9   9.26 1.1999    14.4     76     12       8    10.0      0    692    1    100.0   30 
11/24/12  5:00p    8.9    9.7    8.9    93    7.9   0.0    SW   0.00   6.4    SW    8.9    9.1    9.1  1024.0  0.00   0.0   0.196   0.000   20.7    50    9.9   19.8   9.27 1.2003    14.4     76     12       8    10.0      0    683    1     99.9   30 
11/24/12  5:30p    8.3    8.9    8.3    94    7.4   0.0    SW   0.00   4.8    SW    8.3    8.5    8.5  1024.1  0.00   0.0   0.208   0.000   20.6    50    9.8   19.8   9.27 1.2011    14.4     76     12       8    10.0      0    697    1    100.0   30 
11/24/12  6:00p    7.2    8.3    7.2    94    6.3   0.0   ---   0.00   0.0   ---    7.2    7.3    7.3  1024.1  0.00   0.0   0.231   0.000   20.6    50    9.8   19.8   9.27 1.2010    13.9     76     12       8    10.0      1    686    1    100.0   30 
11/24/12  6:30p    6.4    7.2    6.4    95    5.7   0.0   ---   0.00   0.0   ---    6.4    6.6    6.6  1024.2  0.00   0.0   0.248   0.000   20.5    50    9.7   19.7   9.27 1.2014    13.9     75     12       8    10.0      1    691    1    100.0   30 
11/24/12  7:00p    5.7    6.4    5.7    95    5.0   0.0   ---   0.00   0.0   ---    5.7    5.8    5.8  1024.3  0.00   0.0   0.263   0.000   20.4    50    9.6   19.6   9.28 1.2020    13.9     75     12       8     9.4      1    698    1    100.0   30 
11/24/12  7:30p    4.7    5.7    4.7    95    4.0   0.0    SW   0.00   3.2    SW    4.7    4.8    4.8  1024.1  0.00   0.0   0.284   0.000   20.3    50    9.5   19.5   9.28 1.2024    13.9     73     12       8     9.4      1    683    1     99.9   30 
11/24/12  8:00p    4.4    4.7    4.4    95    3.7   0.0    SW   0.00   1.6    SW    4.4    4.4    4.4  1023.9  0.00   0.0   0.291   0.000   20.3    50    9.5   19.5   9.28 1.2022    13.9     72     12       8     9.4      1    695    1    100.0   30 
11/24/12  8:30p    4.2    4.4    4.2    96    3.6   0.0    SW   0.00   3.2    SW    4.2    4.2    4.2  1024.0  0.00   0.0   0.295   0.000   20.2    49    9.2   19.4   9.08 1.2028    13.9     71     12       8     9.4      2    693    1    100.0   30 
11/24/12  9:00p    4.1    4.2    4.1    96    3.5   0.0    SW   0.00   1.6    SW    4.1    4.1    4.1  1023.9  0.00   0.0   0.297   0.000   20.1    49    9.1   19.3   9.09 1.2033    13.9     70     12       8     9.4      2    691    1    100.0   30 
11/24/12  9:30p    3.7    4.1    3.7    96    3.1   0.0    SW   0.00   3.2    SW    3.7    3.7    3.7  1023.9  0.00   0.0   0.306   0.000   20.0    49    9.0   19.2   9.09 1.2038    13.3     70     12       8     9.4      2    695    1    100.0   30 
11/24/12 10:00p    3.7    3.8    3.7    97    3.2   0.0   WSW   0.00   4.8    SW    3.7    3.7    3.7  1023.6  0.00   0.0   0.306   0.000   19.9    49    8.9   19.2   9.09 1.2037    13.3     69     12       8     9.4      4    682    1     99.7   30 
11/24/12 10:30p    3.4    3.7    3.4    97    3.0   0.0   WSW   0.00   3.2   WSW    3.4    3.4    3.4  1023.5  0.00   0.0   0.310   0.000   19.9    49    8.9   19.2   9.09 1.2036    13.3     69     12       8     9.4     13    698    1    100.0   30 
11/24/12 11:00p    2.8    3.4    2.8    97    2.3   0.0   ---   0.00   0.0   ---    2.8    2.8    2.8  1023.4  0.20   0.0   0.324   0.000   19.7    49    8.7   18.9   9.10 1.2046    13.3     67     12       8     8.9     15    689    1    100.0   30 
11/24/12 11:30p    2.3    2.8    2.3    97    1.9   0.0   ---   0.00   0.0   ---    2.3    2.3    2.3  1023.4  0.00   0.0   0.334   0.000   19.7    48    8.4   18.8   8.90 1.2049    13.3     67     12       8     8.9     15    691    1    100.0   30 
11/25/12 12:00a    2.3    2.3    2.3    97    1.9   0.0   ---   0.00   0.0   ---    2.3    2.3    2.3  1023.2  0.00   0.0   0.334   0.000   19.7    48    8.3   18.8   8.90 1.2049    13.3     67     12       8     8.9     15    695    1    100.0   30 
11/25/12 12:30a    1.9    2.3    1.9    97    1.5   0.0   ---   0.00   0.0   ---    1.9    1.9    1.9  1023.1  0.00   0.0   0.343   0.000   19.6    48    8.2   18.7   8.91 1.2053    12.8     66     13       8     8.9     15    683    1     99.9   30 
11/25/12  1:00a    1.8    1.9    1.8    97    1.4   0.0   ---   0.00   0.0   ---    1.8    1.8    1.8  1022.9  0.00   0.0   0.345   0.000   19.4    48    8.1   18.6   8.91 1.2057    12.8     66     13       8     8.9     15    695    1    100.0   30 
11/25/12  1:30a    1.9    1.9    1.8    97    1.5   0.0   WSW   0.00   1.6   WSW    1.9    1.9    1.9  1022.7  0.00   0.0   0.343   0.000   19.4    48    8.1   18.5   8.91 1.2056    12.8     65     13       8     8.9     15    693    1    100.0   30 
11/25/12  2:00a    2.4    2.4    1.9    97    2.0   0.0   WSW   0.00   1.6   WSW    2.4    2.4    2.4  1022.8  0.00   0.0   0.332   0.000   19.3    48    8.0   18.3   8.92 1.2063    12.8     66     13       8     8.9     15    691    1    100.0   30 
11/25/12  2:30a    2.8    2.8    2.4    98    2.5   0.0   WSW   0.00   1.6   WSW    2.8    2.9    2.9  1022.6  0.00   0.0   0.323   0.000   19.2    47    7.6   18.2   8.82 1.2066    12.8     66     13       8     8.9     15    694    1    100.0   30 
11/25/12  3:00a    3.0    3.0    2.8    98    2.7   0.0   WSW   0.00   1.6   WSW    3.0    3.1    3.1  1022.4  0.00   0.0   0.319   0.000   19.1    47    7.5   18.1   8.82 1.2069    12.8     67     13       8     8.9     15    682    1     99.7   30 
11/25/12  3:30a    3.0    3.1    2.9    97    2.6   0.0    SW   0.00   1.6    SW    3.0    3.0    3.0  1021.8  0.00   0.0   0.319   0.000   19.0    47    7.4   17.9   8.83 1.2068    12.8     66     13       8     8.3     15    693    1    100.0   30 
11/25/12  4:00a    3.2    3.2    3.0    98    2.9   0.0    SW   0.00   1.6    SW    3.2    3.3    3.3  1021.7  0.00   0.0   0.315   0.000   18.9    47    7.4   17.9   8.83 1.2069    12.2     67     13       8     8.3     15    695    1    100.0   30 
11/25/12  4:30a    3.4    3.4    3.2    98    3.2   0.0    SW   0.00   1.6    SW    3.4    3.5    3.5  1021.6  0.00   0.0   0.310   0.000   18.8    47    7.3   17.8   8.83 1.2074    12.2     67     13       8     8.3     15    692    1    100.0   30 
11/25/12  5:00a    3.4    3.4    3.4    98    3.1   0.0   SSW   0.00   1.6    SW    3.4    3.4    3.4  1021.5  0.00   0.0   0.311   0.000   18.8    47    7.2   17.7   8.83 1.2075    12.2     68     13       8     8.3     15    694    1    100.0   30 
11/25/12  5:30a    3.6    3.6    3.4    98    3.3   0.0     S   0.00   3.2     S    3.6    3.6    3.6  1021.3  0.00   0.0   0.308   0.000   18.7    47    7.1   17.6   8.84 1.2078    12.2     68     13       8     8.3     15    684    1    100.0   30 
11/25/12  6:00a    3.5    3.6    3.5    98    3.2   0.0     S   0.00   3.2   SSE    3.5    3.6    3.6  1021.7  0.00   0.0   0.309   0.000   18.7    47    7.1   17.6   8.84 1.2082    12.2     68     13       8     8.3     15    700    1    100.0   30 
11/25/12  6:30a    3.4    3.5    3.4    98    3.2   0.0    SW   0.00   3.2   WSW    3.4    3.5    3.5  1021.6  0.00   0.0   0.310   0.000   18.6    47    7.0   17.4   8.84 1.2087    12.2     68     13       8     8.3     15    691    1    100.0   30 
11/25/12  7:00a    3.2    3.4    3.2    98    2.9   0.0   SSW   0.00   4.8   SSW    3.2    3.3    3.3  1021.6  0.00   0.0   0.315   0.000   18.5    47    7.0   17.4   8.84 1.2090    12.2     68     13       8     8.3     15    689    1    100.0   30 
11/25/12  7:30a    3.2    3.2    3.2    98    2.9   0.0   SSW   0.00   4.8    SW    3.2    3.3    3.3  1021.9  0.00   0.0   0.315   0.000   18.4    47    6.9   17.3   8.85 1.2098    12.2     68     13       8     8.3     15    698    1    100.0   30 
11/25/12  8:00a    3.3    3.3    3.2    98    3.0   1.6   SSW   0.80   8.0    SW    3.3    3.3    3.3  1021.9  0.00   0.0   0.314   0.000   18.3    47    6.8   17.2   8.85 1.2104    12.2     68     13       9     8.3     14    689    1    100.0   30 
11/25/12  8:30a    3.3    3.4    3.3    98    3.0   1.6   SSW   0.80   6.4   SSW    3.3    3.4    3.4  1022.0  0.00   0.0   0.313   0.000   18.2    47    6.7   17.1   8.85 1.2108    11.7     68     13       9     8.3     13    694    1    100.0   30 
11/25/12  9:00a    4.0    4.0    3.3    98    3.7   1.6   SSW   0.80   6.4   SSW    4.0    4.1    4.1  1022.1  0.00   0.0   0.299   0.000   18.1    47    6.6   17.0   8.86 1.2114    11.7     69     13       9     8.3     12    690    1    100.0   30 
11/25/12  9:30a    4.4    4.4    4.0    98    4.1   1.6    SW   0.80   6.4    SW    4.4    4.5    4.5  1022.3  0.00   0.0   0.291   0.000   18.1    47    6.6   16.9   8.86 1.2120    11.7     70     13       9     8.3      8    694    1    100.0   30 
11/25/12 10:00a    5.1    5.1    4.4    98    4.8   1.6   SSW   0.80   4.8     S    5.1    5.2    5.2  1022.4  0.00   0.0   0.275   0.000   18.1    47    6.6   17.0   8.86 1.2118    11.7     71     13       9     8.3      0    695    1    100.0   30 
11/25/12 10:30a    5.9    6.0    5.1    98    5.7   1.6    SW   0.80   6.4    SW    5.9    6.1    6.1  1022.3  0.00   0.0   0.258   0.000   18.4    48    7.2   17.3   8.95 1.2100    12.2     71     13       9     8.3      0    683    1     99.9   30 
11/25/12 11:00a    6.8    6.8    5.9    98    6.5   3.2   SSW   1.61   9.7    SW    6.8    6.9    6.9  1021.7  0.00   0.0   0.241   0.000   18.7    48    7.4   17.7   8.94 1.2080    12.8     72     13       9     8.3      0    699    1    100.0   30 
11/25/12 11:30a    7.7    7.7    6.8    98    7.4   1.6     S   0.80   8.0   WSW    7.7    7.9    7.9  1021.5  0.00   0.0   0.222   0.000   18.8    48    7.6   17.8   8.93 1.2069    12.8     73     13       9     8.3      0    688    1    100.0   30 
11/25/12 12:00p    8.2    8.2    7.6    98    7.9   1.6     S   0.80   9.7     S    8.2    8.4    8.4  1021.2  0.00   0.0   0.211   0.000   19.0    48    7.7   18.0   8.93 1.2057    12.8     73     13       9     8.3      0    690    1    100.0   30 
11/25/12 12:30p    9.4    9.4    8.2    96    8.8   3.2     S   1.61   9.7     S    9.4    9.7    9.7  1021.1  0.00   0.0   0.186   0.000   19.1    48    7.8   18.2   8.92 1.2051    12.8     74     13       9     8.3      0    689    1    100.0   30 
11/25/12  1:00p   10.1   10.1    9.4    93    9.0   1.6     S   0.80   8.0     S   10.1   10.3   10.3  1020.9  0.00   0.0   0.172   0.000   19.2    49    8.2   18.3   9.12 1.2041    12.8     75     13       9     8.3      0    690    1    100.0   30 
11/25/12  1:30p   10.4   10.4   10.1    91    9.0   0.0     S   0.00   6.4    SW   10.4   10.6   10.6  1020.7  0.00   0.0   0.164   0.000   19.1    49    8.1   18.2   9.12 1.2044    12.8     75     13       9     8.3      0    688    1    100.0   30 
11/25/12  2:00p   10.2   10.4   10.2    92    9.0   1.6     S   0.80   8.0    SW   10.2   10.4   10.4  1020.7  0.00   0.0   0.169   0.000   19.1    49    8.1   18.2   9.12 1.2044    12.8     76     13       9     8.3      0    700    1    100.0   30 
11/25/12  2:30p    9.8   10.3    9.8    92    8.6   1.6     S   0.80   8.0     S    9.8   10.1   10.1  1020.7  0.00   0.0   0.177   0.000   19.1    49    8.1   18.2   9.12 1.2043    12.8     76     13       9     8.9      0    683    1     99.9   30 
11/25/12  3:00p    8.9    9.8    8.9    94    8.0   1.6     S   0.80   4.8     S    8.9    9.2    9.2  1020.7  0.00   0.0   0.196   0.000   19.3    49    8.3   18.4   9.12 1.2035    13.3     76     13       9     8.9      0    699    1    100.0   30 
11/25/12  3:30p    8.3    9.0    8.3    95    7.6   1.6     S   0.80   8.0     S    8.3    8.5    8.5  1020.9  0.00   0.0   0.208   0.000   19.4    49    8.4   18.6   9.11 1.2032    13.3     76     13       9     8.9      0    681    1     99.6   30 
11/25/12  4:00p    8.2    8.3    8.1    97    7.7   1.6   SSW   0.80   9.7     S    8.2    8.4    8.4  1020.8  0.00   0.0   0.212   0.000   19.6    49    8.5   18.7   9.11 1.2023    13.3     75     13       9     8.9      0    702    1    100.0   30 
11/25/12  4:30p    8.0    8.2    8.0    97    7.6   1.6     S   0.80   8.0    SW    8.0    8.2    8.2  1020.9  0.00   0.0   0.215   0.000   19.7    49    8.6   18.8   9.10 1.2019    13.3     75     13       9     8.9      0    686    1    100.0   30 
11/25/12  5:00p    8.0    8.1    8.0    97    7.6   0.0     S   0.00   4.8   SSE    8.0    8.2    8.2  1021.0  0.00   0.0   0.215   0.000   19.7    49    8.7   18.9   9.10 1.2017    13.3     75     13       9     8.9      0    694    1    100.0   30 
11/25/12  5:30p    8.0    8.1    7.9    97    7.6   1.6     S   0.80   6.4   WSW    8.0    8.2    8.2  1020.9  0.00   0.0   0.215   0.000   19.7    49    8.7   18.9   9.10 1.2016    13.3     76     13       9     8.9      0    692    1    100.0   30 
11/25/12  6:00p    8.1    8.1    7.9    98    7.8   0.0    SW   0.00   6.4    SW    8.1    8.3    8.3  1021.0  0.00   0.0   0.214   0.000   19.8    49    8.8   19.1   9.10 1.2012    13.3     76     13       9     8.9      1    689    1    100.0   30 
11/25/12  6:30p    7.9    8.1    7.9    98    7.6   0.0   SSW   0.00   8.0    SW    7.9    8.2    8.2  1020.9  0.00   0.0   0.216   0.000   19.9    49    8.9   19.2   9.09 1.2005    13.3     76     13       9     8.9      1    694    1    100.0   30 
11/25/12  7:00p    7.8    7.9    7.8    98    7.5   0.0   SSW   0.00   8.0    SW    7.8    8.0    8.0  1021.1  0.00   0.0   0.220   0.000   20.0    49    9.0   19.2   9.09 1.2005    13.3     76     13       9     8.9      2    694    1    100.0   30 
11/25/12  7:30p    7.8    7.8    7.8    98    7.5   0.0   SSW   0.00   3.2   SSW    7.8    8.0    8.0  1021.3  0.00   0.0   0.220   0.000   20.1    49    9.1   19.3   9.09 1.2002    13.3     76     13       9     8.9      3    690    1    100.0   30 
11/25/12  8:00p    7.8    7.8    7.8    98    7.5   0.0   ---   0.00   0.0   ---    7.8    8.1    8.1  1021.3  0.00   0.0   0.219   0.000   20.2    49    9.2   19.4   9.08 1.1996    13.3     75     13       9     8.9      8    695    1    100.0   30 
11/25/12  8:30p    7.8    7.8    7.8    98    7.5   0.0   SSW   0.00   1.6   SSW    7.8    8.0    8.0  1021.3  0.00   0.0   0.220   0.000   20.2    49    9.2   19.4   9.08 1.1996    13.3     75     13       9     8.9     14    695    1    100.0   30 
11/25/12  9:00p    7.7    7.8    7.7    98    7.4   0.0   ---   0.00   0.0   ---    7.7    7.9    7.9  1021.2  0.00   0.0   0.221   0.000   20.2    49    9.2   19.4   9.08 1.1995    13.3     76     13       9     8.9     15    688    1    100.0   30 
11/25/12  9:30p    7.6    7.7    7.6    98    7.3   0.0   SSW   0.00   1.6   SSW    7.6    7.8    7.8  1021.0  0.00   0.0   0.223   0.000   20.2    49    9.2   19.4   9.08 1.1993    13.3     76     13       8     8.9     15    698    1    100.0   30 
11/25/12 10:00p    7.4    7.6    7.4    98    7.1   0.0   SSW   0.00   3.2   SSW    7.4    7.6    7.6  1021.0  0.00   0.0   0.227   0.000   20.1    49    9.1   19.3   9.09 1.1998    13.3     76     13       9     8.9     15    685    1    100.0   30 
11/25/12 10:30p    7.3    7.4    7.3    98    7.0   0.0   ---   0.00   0.0   ---    7.3    7.4    7.4  1021.0  0.00   0.0   0.230   0.000   20.0    49    9.0   19.2   9.09 1.2004    13.3     75     13       9     8.9     15    694    1    100.0   30 
11/25/12 11:00p    7.1    7.3    7.1    98    6.8   0.0   SSW   0.00   3.2   SSW    7.1    7.3    7.3  1021.0  0.00   0.0   0.234   0.000   20.0    49    9.0   19.2   9.09 1.2004    13.3     75     13       9     8.9     15    698    1    100.0   30 
11/25/12 11:30p    7.1    7.2    7.1    98    6.8   0.0   ---   0.00   0.0   ---    7.1    7.3    7.3  1021.1  0.00   0.0   0.234   0.000   19.9    49    8.9   19.2   9.09 1.2008    13.3     75     13       9     8.9     15    686    1    100.0   30 
11/26/12 12:00a    6.9    7.1    6.9    98    6.7   0.0   ---   0.00   0.0   ---    6.9    7.1    7.1  1021.1  0.00   0.0   0.237   0.000   19.8    49    8.8   19.1   9.10 1.2013    12.8     76     13       9     8.9     15    700    1    100.0   30 
11/26/12 12:30a    6.6    6.9    6.6    98    6.3   0.0   SSW   0.00   3.2   SSW    6.6    6.8    6.8  1020.8  0.00   0.0   0.244   0.000   19.7    49    8.7   18.9   9.10 1.2015    12.8     75     13       9     8.9     14    684    1    100.0   30 
11/26/12  1:00a    6.6    6.7    6.6    98    6.3   0.0   ---   0.00   0.0   ---    6.6    6.8    6.8  1020.7  0.00   0.0   0.244   0.000   19.7    49    8.6   18.8   9.10 1.2017    12.8     75     13       9     8.9     14    694    1    100.0   30 
11/26/12  1:30a    6.6    6.7    6.6    98    6.3   0.0   ---   0.00   0.0   ---    6.6    6.8    6.8  1020.7  0.00   0.0   0.244   0.000   19.6    49    8.5   18.7   9.11 1.2021    12.8     75     13       9     8.9     13    697    1    100.0   30 
11/26/12  2:00a    6.6    6.6    6.6    98    6.3   0.0   ---   0.00   0.0   ---    6.6    6.7    6.7  1020.5  0.00   0.0   0.245   0.000   19.4    48    8.1   18.6   8.91 1.2028    12.8     75     13       9     8.9     12    683    1     99.9   30 
11/26/12  2:30a    6.5    6.6    6.5    98    6.2   0.0   ---   0.00   0.0   ---    6.5    6.7    6.7  1020.4  0.00   0.0   0.247   0.000   19.4    48    8.1   18.6   8.91 1.2027    12.8     75     13       9     8.9     11    699    1    100.0   30 
11/26/12  3:00a    6.4    6.5    6.4    98    6.1   0.0   SSW   0.00   4.8    SW    6.4    6.6    6.6  1020.1  0.20   0.0   0.249   0.000   19.4    48    8.1   18.5   8.91 1.2025    12.8     75     13       9     8.9     10    686    1    100.0   30 
11/26/12  3:30a    6.3    6.4    6.3    98    6.0   0.0    SW   0.00   1.6    SW    6.3    6.5    6.5  1020.0  0.00   0.0   0.250   0.000   19.3    48    8.0   18.3   8.92 1.2030    12.8     75     13       9     8.9     10    690    1    100.0   30 
11/26/12  4:00a    6.2    6.3    6.2    98    5.9   0.0    SW   0.00   1.6    SW    6.2    6.3    6.3  1019.7  0.00   0.0   0.253   0.000   19.3    48    8.0   18.3   8.92 1.2027    12.8     74     13       9     8.9     10    700    1    100.0   30 
11/26/12  4:30a    6.3    6.3    6.2    98    6.0   0.0    SW   0.00   3.2    SW    6.3    6.4    6.4  1019.8  0.00   0.0   0.251   0.000   19.2    48    7.9   18.3   8.92 1.2030    12.8     74     13       9     8.9     10    679    1     99.3   30 
11/26/12  5:00a    6.3    6.4    6.3    98    6.0   0.0    SW   0.00   1.6    SW    6.3    6.5    6.5  1019.8  0.00   0.0   0.250   0.000   19.1    48    7.8   18.2   8.92 1.2036    12.8     74     13       9     8.9     10    696    1    100.0   30 
11/26/12  5:30a    6.4    6.4    6.3    98    6.1   0.0   ---   0.00   0.0   ---    6.4    6.6    6.6  1019.7  0.00   0.0   0.249   0.000   19.0    48    7.7   18.0   8.93 1.2040    12.8     74     13       9     8.9      9    690    1    100.0   30 
11/26/12  6:00a    6.4    6.4    6.3    98    6.2   0.0   ---   0.00   0.0   ---    6.4    6.6    6.6  1019.4  0.00   0.0   0.248   0.000   19.0    48    7.7   18.0   8.93 1.2037    12.8     74     13       9     8.9      8    687    1    100.0   30 
11/26/12  6:30a    6.6    6.6    6.4    98    6.3   0.0    SW   0.00   1.6    SW    6.6    6.7    6.7  1019.4  0.00   0.0   0.245   0.000   18.9    48    7.7   17.9   8.93 1.2040    12.2     74     13       9     8.9      7    699    1    100.0   30 
11/26/12  7:00a    6.7    6.7    6.6    98    6.4   0.0   SSW   0.00   3.2    SW    6.7    6.8    6.8  1019.4  0.00   0.0   0.243   0.000   18.9    48    7.7   17.9   8.93 1.2039    12.2     74     13       9     8.9      6    683    1     99.9   30 
11/26/12  7:30a    6.8    6.8    6.7    98    6.5   0.0   ---   0.00   0.0   ---    6.8    6.9    6.9  1019.4  0.00   0.0   0.241   0.000   18.8    48    7.6   17.8   8.93 1.2045    12.2     75     13       9     8.9      6    695    1    100.0   30 
11/26/12  8:00a    7.1    7.1    6.7    98    6.8   0.0     S   0.00   3.2     S    7.1    7.2    7.2  1019.3  0.00   0.0   0.235   0.000   18.8    48    7.5   17.8   8.93 1.2046    12.2     75     13       9     8.9      4    693    1    100.0   30 
11/26/12  8:30a    7.5    7.5    7.1    98    7.2   0.0   SSE   0.00   1.6     S    7.5    7.7    7.7  1019.3  0.00   0.0   0.226   0.000   18.8    48    7.5   17.8   8.93 1.2046    12.2     75     13       9     8.9      2    686    1    100.0   30 
11/26/12  9:00a    8.3    8.3    7.5    98    8.0   0.0   ---   0.00   0.0   ---    8.3    8.6    8.6  1019.0  0.00   0.0   0.208   0.000   18.7    48    7.4   17.7   8.94 1.2048    12.2     76     13       9     8.9      1    702    1    100.0   30 
11/26/12  9:30a   10.1   10.1    8.3    98    9.8   3.2     W   1.61  16.1   WNW   10.1   10.4   10.4  1019.0  0.00   0.0   0.172   0.000   18.6    48    7.3   17.5   8.94 1.2053    12.2     77     13       9     8.9      0    677    1     99.0   30 
11/26/12 10:00a   11.8   11.8   10.1    84    9.2   9.7     W   4.83  20.9     W   10.9   11.8   10.8  1018.9  0.00   0.0   0.135   0.000   18.6    49    7.6   17.6   9.14 1.2049    12.2     77     13       9     8.9      0    702    1    100.0   30 
11/26/12 10:30a   12.3   12.3   11.8    82    9.3  11.3     W   5.63  20.9     W   11.2   12.2   11.1  1018.6  0.00   0.0   0.125   0.000   18.7    49    7.7   17.7   9.14 1.2040    12.8     77     13       9     8.9      0    686    1    100.0   30 
11/26/12 11:00a   12.7   12.7   12.3    79    9.1  11.3     W   5.63  22.5   WNW   11.7   12.5   11.5  1018.0  0.00   0.0   0.118   0.000   18.8    49    7.8   17.8   9.13 1.2028    12.8     77     13       9     8.9      0    687    1    100.0   30 
11/26/12 11:30a   13.1   13.1   12.7    78    9.3  12.9     W   6.44  22.5     W   11.7   12.8   11.5  1017.4  0.00   0.0   0.110   0.000   18.8    49    7.9   17.9   9.13 1.2018    12.8     77     13       9     8.9      0    698    1    100.0   30 
11/26/12 12:00p   13.2   13.2   12.9    78    9.4  11.3     W   5.63  20.9     W   12.2   12.9   12.0  1017.1  0.00   0.0   0.108   0.000   18.9    49    8.0   18.0   9.13 1.2009    13.3     77     13       9     8.9      0    682    1     99.7   30 
11/26/12 12:30p   13.6   13.6   13.2    77    9.6  11.3   WNW   5.63  20.9   WNW   12.7   13.3   12.4  1016.9  0.00   0.0   0.100   0.000   19.1    49    8.1   18.2   9.12 1.1998    13.3     77     13       9     8.9      0    697    1    100.0   30 
11/26/12  1:00p   13.8   13.8   13.6    78   10.0   9.7   WNW   4.83  19.3   WNW   13.2   13.6   13.0  1016.5  0.00   0.0   0.095   0.000   19.2    49    8.2   18.3   9.12 1.1989    13.3     77     13       9     8.9      0    691    1    100.0   30 
11/26/12  1:30p   14.7   14.7   13.8    75   10.3   9.7   WNW   4.83  17.7     W   14.3   14.4   14.1  1016.3  0.00   0.0   0.075   0.000   19.3    49    8.3   18.4   9.12 1.1983    13.3     77     13       9     9.4      0    688    1    100.0   30 
11/26/12  2:00p   15.7   15.7   14.7    71   10.5   9.7   WNW   4.83  17.7     W   15.6   15.4   15.2  1016.0  0.00   0.0   0.054   0.000   19.4    49    8.4   18.6   9.11 1.1974    13.9     77     13       9     9.4      0    701    1    100.0   30 
11/26/12  2:30p   16.3   16.3   15.7    70   10.8   8.0   WNW   4.02  17.7   WNW   16.3   15.9   15.9  1015.8  0.00   0.0   0.043   0.000   19.4    49    8.4   18.6   9.11 1.1969    13.9     77     13       9     9.4      0    686    1    100.0   30 
11/26/12  3:00p   16.2   16.4   16.2    68   10.3   6.4     W   3.22  16.1     W   16.2   15.8   15.8  1015.5  0.00   0.0   0.045   0.000   19.6    49    8.5   18.7   9.11 1.1960    13.9     77     13       9     9.4      0    694    1    100.0   30 
11/26/12  3:30p   15.6   16.2   15.6    69    9.9   6.4     W   3.22  12.9     W   15.6   15.2   15.2  1015.3  0.00   0.0   0.057   0.000   19.6    49    8.5   18.7   9.11 1.1958    13.9     77     13       9     9.4      0    703    1    100.0   30 
11/26/12  4:00p   14.5   15.7   14.5    72    9.5   4.8     W   2.41  12.9     W   14.5   14.1   14.1  1015.2  0.00   0.0   0.080   0.000   19.6    50    8.8   18.8   9.31 1.1954    13.9     77     13       9     9.4      0    676    1     98.8   30 
11/26/12  4:30p   14.6   14.7   14.4    72    9.6   4.8   WSW   2.41  11.3   WSW   14.6   14.2   14.2  1015.0  0.00   0.0   0.078   0.000   19.6    50    8.8   18.8   9.31 1.1952    13.9     78     13       9     9.4      0    702    1    100.0   30 
11/26/12  5:00p   14.7   14.7   14.6    72    9.7   3.2   WSW   1.61  11.3   WSW   14.7   14.3   14.3  1015.0  0.00   0.0   0.076   0.000   19.7    50    9.0   18.9   9.30 1.1944    13.9     78     13       9     9.4      0    696    1    100.0   30 
11/26/12  5:30p   14.7   14.9   14.7    71    9.5   8.0     W   4.02  20.9   WSW   14.5   14.3   14.1  1015.0  0.00   0.0   0.076   0.000   19.8    50    9.1   19.1   9.30 1.1938    13.9     77     12       9     9.4      0    685    1    100.0   30 
11/26/12  6:00p   14.3   14.7   14.3    72    9.3   9.7     W   4.83  17.7     W   13.8   13.9   13.4  1015.1  0.00   0.0   0.084   0.000   19.8    50    9.1   19.1   9.30 1.1938    13.9     77     12       9    10.0      0    702    1    100.0   30 
11/26/12  6:30p   13.7   14.3   13.7    73    9.0   9.7     W   4.83  19.3     W   13.1   13.4   12.8  1015.0  0.00   0.0   0.096   0.000   19.9    50    9.2   19.2   9.29 1.1932    13.9     77     13       9    10.0      0    684    1    100.0   30 
11/26/12  7:00p   13.3   13.7   13.3    74    8.7   8.0     W   4.02  17.7     W   12.9   12.9   12.6  1015.0  0.00   0.0   0.105   0.000   19.8    50    9.1   19.1   9.30 1.1938    13.9     77     13       9    10.0      0    696    1    100.0   30 
11/26/12  7:30p   12.9   13.3   12.9    75    8.6   9.7     W   4.83  17.7     W   12.1   12.6   11.8  1014.9  0.00   0.0   0.113   0.000   19.8    50    9.1   19.1   9.30 1.1936    13.9     77     13       9    10.0      0    697    1    100.0   30 
11/26/12  8:00p   12.6   12.9   12.6    76    8.5   8.0     W   4.02  19.3     W   12.1   12.3   11.8  1014.7  0.00   0.0   0.119   0.000   19.7    50    9.0   18.9   9.30 1.1939    13.9     77     13       9    10.0      0    685    1    100.0   30 
11/26/12  8:30p   11.7   12.6   11.7    79    8.2   6.4     W   3.22  14.5     W   11.3   11.6   11.2  1014.6  0.00   0.0   0.138   0.000   19.7    50    9.0   18.9   9.30 1.1938    13.9     77     13       9    10.0      0    699    1    100.0   30 
11/26/12  9:00p   11.5   11.7   11.5    80    8.2   6.4     W   3.22  14.5     W   11.1   11.3   10.9  1014.5  0.00   0.0   0.142   0.000   19.7    50    8.9   18.9   9.30 1.1939    13.9     77     13       9    10.0      0    687    1    100.0   30 
11/26/12  9:30p   11.7   11.7   11.3    79    8.1   8.0     W   4.02  14.5     W   10.9   11.5   10.8  1014.5  0.00   0.0   0.139   0.000   19.7    50    8.9   18.9   9.30 1.1939    13.9     77     13       9     9.4      0    692    1    100.0   30 
11/26/12 10:00p   11.9   11.9   11.7    78    8.2   8.0   WNW   4.02  19.3     W   11.3   11.7   11.1  1014.1  0.00   0.0   0.133   0.000   19.6    49    8.5   18.7   9.11 1.1943    13.3     77     13       9     9.4      0    691    1    100.0   30 
11/26/12 10:30p   12.7   12.7   11.9    75    8.3   9.7     W   4.83  20.9   WSW   11.9   12.4   11.6  1014.0  0.00   0.0   0.118   0.000   19.6    49    8.5   18.7   9.11 1.1942    13.3     77     13       9     9.4      0    687    1    100.0   30 
11/26/12 11:00p   12.6   12.8   12.6    75    8.3   9.7     W   4.83  20.9     W   11.8   12.3   11.5  1013.9  0.00   0.0   0.119   0.000   19.4    49    8.4   18.6   9.11 1.1947    13.3     77     13       9     9.4      0    691    1    100.0   30 
11/26/12 11:30p   12.2   12.6   12.2    77    8.3   8.0     W   4.02  19.3   WNW   11.6   11.9   11.3  1014.0  0.00   0.0   0.128   0.000   19.4    49    8.4   18.6   9.11 1.1948    13.3     77     13       9     9.4      0    698    1    100.0   30 
11/27/12 12:00a   11.7   12.2   11.7    79    8.2   4.8     W   2.41  14.5     W   11.7   11.6   11.6  1013.8  0.00   0.0   0.138   0.000   19.4    49    8.4   18.6   9.11 1.1948    13.3     77     13       9     9.4      0    682    1     99.7   30 
11/27/12 12:30a   12.0   12.0   11.7    77    8.1   6.4     W   3.22  14.5   WSW   11.7   11.8   11.4  1013.4  0.00   0.0   0.132   0.000   19.4    49    8.4   18.6   9.11 1.1944    13.3     77     13       9     9.4      0    698    1    100.0   30 
11/27/12  1:00a   11.8   12.1   11.8    78    8.1   6.4     W   3.22  17.7     W   11.5   11.6   11.3  1013.1  0.00   0.0   0.135   0.000   19.4    49    8.4   18.6   9.11 1.1940    13.3     77     13       9     9.4      0    684    1    100.0   30 
11/27/12  1:30a   12.0   12.0   11.8    77    8.1   8.0     W   4.02  22.5     W   11.3   11.8   11.1  1012.7  0.20   0.0   0.132   0.000   19.4    49    8.4   18.6   9.11 1.1934    13.3     77     13       9     9.4      0    699    1    100.0   30 
11/27/12  2:00a   12.6   12.7   12.0    73    7.9  14.5   WNW   7.24  30.6   WNW   10.8   12.3   10.4  1012.5  0.00   0.0   0.119   0.000   19.3    49    8.3   18.4   9.12 1.1937    13.3     77     13       8     9.4      0    693    1    100.0   30 
11/27/12  2:30a   12.5   12.7   12.4    73    7.8  17.7   WNW   8.85  32.2     W   10.0   12.2    9.7  1012.2  0.00   0.0   0.122   0.000   19.2    48    7.9   18.3   8.92 1.1940    13.3     77     13       8     9.4      0    687    1    100.0   30 
11/27/12  3:00a   12.7   12.7   12.4    72    7.7  17.7   WNW   8.85  32.2     W   10.2   12.3    9.8  1011.7  0.00   0.0   0.118   0.000   19.2    48    7.9   18.3   8.92 1.1933    13.3     77     13       8     9.4      0    700    1    100.0   30 
11/27/12  3:30a   12.4   12.7   12.4    76    8.3  17.7   WNW   8.85  35.4   WNW    9.9   12.1    9.6  1011.8  0.00   0.0   0.124   0.000   19.1    48    7.8   18.2   8.92 1.1940    13.3     77     13       8     9.4      0    688    1    100.0   30 
11/27/12  4:00a   12.4   12.4   12.3    77    8.5  16.1     W   8.05  30.6     W   10.2   12.2    9.9  1011.7  0.00   0.0   0.124   0.000   19.1    48    7.8   18.2   8.92 1.1938    13.3     77     13       8     9.4      0    694    1    100.0   30 
11/27/12  4:30a   12.2   12.4   11.9    77    8.3  12.9   WNW   6.44  24.1   WNW   10.7   12.0   10.5  1011.7  0.00   0.0   0.127   0.000   19.1    48    7.8   18.2   8.92 1.1939    13.3     77     13       8     9.4      0    692    1    100.0   30 
11/27/12  5:00a   11.8   12.3   11.8    77    7.9  12.9     W   6.44  20.9   WNW   10.3   11.6   10.1  1011.5  0.00   0.0   0.135   0.000   19.0    48    7.7   18.0   8.93 1.1942    13.3     77     13       8     9.4      0    689    1    100.0   30 
11/27/12  5:30a   11.1   11.8   11.1    79    7.6   9.7     W   4.83  17.7   WSW    9.9   10.9    9.8  1011.4  0.00   0.0   0.152   0.000   19.0    48    7.7   18.0   8.93 1.1941    13.3     77     13       8     9.4      0    692    1    100.0   30 
11/27/12  6:00a   10.6   11.1   10.6    80    7.3   6.4   WNW   3.22  20.9     W   10.1   10.6   10.0  1011.5  0.00   0.0   0.161   0.000   18.9    48    7.7   17.9   8.93 1.1945    13.3     77     13       8     9.4      0    698    1    100.0   30 
11/27/12  6:30a   10.3   10.6   10.3    80    7.0   4.8   WNW   2.41  12.9   WNW   10.2   10.3   10.2  1011.4  0.00   0.0   0.168   0.000   18.9    48    7.7   17.9   8.93 1.1943    13.3     76     13       8     9.4      0    685    1    100.0   30 
11/27/12  7:00a   11.3   11.3    9.9    77    7.4   9.7   WNW   4.83  22.5     W   10.3   11.1   10.1  1011.5  0.00   0.0   0.146   0.000   18.8    48    7.6   17.8   8.93 1.1950    13.3     76     13       8     9.4      0    701    1    100.0   30 
11/27/12  7:30a   11.5   11.5   11.2    76    7.4  11.3     W   5.63  24.1     W   10.2   11.3   10.0  1011.4  0.00   0.0   0.142   0.000   18.8    48    7.6   17.8   8.93 1.1949    13.3     76     13       8     9.4      0    680    1     99.4   30 
11/27/12  8:00a   11.8   11.8   11.4    75    7.5  11.3   WNW   5.63  22.5   WNW   10.7   11.6   10.4  1011.6  0.00   0.0   0.135   0.000   18.8    48    7.6   17.8   8.93 1.1951    13.3     76     13       8     9.4      0    699    1    100.0   30 
11/27/12  8:30a   12.8   12.8   11.9    70    7.5  12.9   WNW   6.44  29.0     W   11.4   12.4   11.0  1011.7  0.00   0.0   0.115   0.000   18.8    48    7.5   17.8   8.93 1.1955    13.3     77     13       8     9.4      0    689    1    100.0   30 
11/27/12  9:00a   13.6   13.6   12.8    68    7.8  16.1   WNW   8.05  27.4     W   11.6   13.1   11.1  1011.9  0.00   0.0   0.100   0.000   18.8    48    7.5   17.8   8.93 1.1958    13.3     77     13       8     8.9      0    691    1    100.0   30 
11/27/12  9:30a   13.3   13.6   13.3    68    7.5  16.1   WNW   8.05  29.0   WNW   11.2   12.8   10.7  1012.1  0.00   0.0   0.105   0.000   18.8    48    7.5   17.8   8.93 1.1960    13.3     77     13       8     9.4      0    699    1    100.0   30 
11/27/12 10:00a   14.6   14.6   13.2    67    8.5  12.9     W   6.44  25.7     W   13.6   14.1   13.1  1012.1  0.00   0.0   0.078   0.000   18.7    48    7.4   17.7   8.94 1.1965    13.3     76     13       8     9.4      0    686    1    100.0   30 
11/27/12 10:30a   15.6   15.6   14.7    63    8.6  14.5     W   7.24  29.0     W   14.3   15.0   13.7  1012.2  0.00   0.0   0.057   0.000   18.7    48    7.4   17.7   8.94 1.1967    13.3     76     13       8     9.4      0    697    1    100.0   30 
11/27/12 11:00a   15.6   15.6   15.5    65    9.0  14.5     W   7.24  27.4     W   14.3   15.1   13.8  1011.9  0.00   0.0   0.058   0.000   18.7    48    7.4   17.7   8.94 1.1963    13.3     75     13       8     9.4      0    697    1    100.0   30 
11/27/12 11:30a   16.1   16.1   15.6    61    8.5   9.7     W   4.83  24.1     W   15.9   15.4   15.3  1011.5  0.00   0.0   0.047   0.000   18.7    48    7.4   17.7   8.94 1.1958    13.3     75     13       8     9.4      0    680    1     99.4   30 
11/27/12 12:00p   16.4   16.6   16.1    60    8.7   8.0     W   4.02  22.5   WSW   16.4   15.8   15.8  1011.1  0.00   0.0   0.039   0.000   18.6    49    7.6   17.6   9.14 1.1957    13.3     76     13       8     9.4      0    702    1    100.0   30 
11/27/12 12:30p   16.8   16.8   16.3    61    9.3   9.7     W   4.83  20.9    SW   16.8   16.2   16.2  1011.0  0.00   0.0   0.031   0.000   18.7    49    7.7   17.7   9.14 1.1949    13.3     76     13       8     9.4      0    698    1    100.0   30 
11/27/12  1:00p   16.6   16.8   16.6    61    9.1  11.3     W   5.63  24.1     W   16.4   16.0   15.8  1010.6  0.00   0.0   0.036   0.000   18.8    49    7.8   17.8   9.13 1.1940    13.3     76     13       8     9.4      0    678    1     99.1   30 
11/27/12  1:30p   16.8   17.1   16.6    59    8.8   9.7     W   4.83  20.9   WNW   16.8   16.2   16.2  1010.5  0.00   0.0   0.031   0.000   18.8    48    7.5   17.8   8.93 1.1941    13.3     76     13       8     9.4      0    700    1    100.0   30 
11/27/12  2:00p   16.7   16.8   16.6    58    8.4   8.0     W   4.02  19.3     W   16.7   15.9   15.9  1010.4  0.00   0.0   0.035   0.000   18.8    48    7.6   17.8   8.93 1.1937    13.3     76     13       8    10.0      0    697    1    100.0   30 
11/27/12  2:30p   16.7   16.8   16.7    57    8.1   9.7     W   4.83  25.7     W   16.7   15.9   15.9  1010.1  0.00   0.0   0.035   0.000   18.8    48    7.6   17.8   8.93 1.1934    13.3     76     13       8    10.0      0    679    1     99.3   30 
11/27/12  3:00p   16.0   16.7   16.0    59    8.0  11.3     W   5.63  22.5     W   15.7   15.3   14.9  1010.0  0.00   0.0   0.049   0.000   18.8    48    7.5   17.8   8.93 1.1935    13.3     76     13       8    10.0      0    702    1    100.0   30 
11/27/12  3:30p   15.7   16.0   15.7    61    8.2  11.3     W   5.63  22.5   WNW   15.2   15.0   14.6  1009.9  0.00   0.0   0.056   0.000   18.8    48    7.5   17.8   8.93 1.1933    13.3     76     13       8    10.0      0    691    1    100.0   30 
11/27/12  4:00p   15.2   15.7   15.2    63    8.2   9.7     W   4.83  17.7   WNW   14.9   14.6   14.3  1009.9  0.00   0.0   0.065   0.000   18.8    48    7.5   17.8   8.93 1.1933    13.3     76     13       8    10.0      0    685    1    100.0   30 
11/27/12  4:30p   14.3   15.2   14.3    66    8.0   6.4     W   3.22  14.5     W   14.3   13.7   13.7  1009.8  0.00   0.0   0.084   0.000   18.8    47    7.2   17.7   8.83 1.1935    13.3     76     13       8    10.0      0    702    1    100.0   30 
11/27/12  5:00p   14.3   14.3   14.2    65    7.8   3.2   WSW   1.61  11.3     W   14.3   13.7   13.7  1009.9  0.00   0.0   0.084   0.000   18.7    47    7.1   17.6   8.84 1.1941    13.3     76     13       8    10.0      0    688    1    100.0   30 
11/27/12  5:30p   13.3   14.3   13.3    69    7.8   0.0    SW   0.00   3.2    SW   13.3   12.9   12.9  1009.8  0.00   0.0   0.104   0.000   18.7    47    7.1   17.6   8.84 1.1940    13.3     76     13       8    10.0      0    693    1    100.0   30 
11/27/12  6:00p   13.7   13.7   13.1    65    7.2   1.6   SSW   0.80   8.0     W   13.7   13.1   13.1  1009.4  0.00   0.0   0.097   0.000   18.7    47    7.1   17.6   8.84 1.1935    13.3     75     13       8    10.0      0    696    1    100.0   30 
11/27/12  6:30p   13.7   13.7   13.6    64    7.0   1.6    SW   0.80   8.0   SSW   13.7   13.1   13.1  1009.0  0.00   0.0   0.097   0.000   18.7    46    6.8   17.6   8.65 1.1934    13.3     73     13       8    10.0      0    685    1    100.0   30 
11/27/12  7:00p   12.4   13.7   12.4    71    7.3   0.0     S   0.00   4.8     S   12.4   12.1   12.1  1009.2  0.00   0.0   0.123   0.000   18.7    47    7.1   17.6   8.84 1.1934    13.3     74     13       8    10.0      0    702    1    100.0   30 
11/27/12  7:30p   12.0   12.4   12.0    73    7.3   0.0     S   0.00   3.2     S   12.0   11.7   11.7  1009.0  0.00   0.0   0.132   0.000   18.7    47    7.1   17.6   8.84 1.1932    13.3     75     13       8    10.0      0    685    1    100.0   30 
11/27/12  8:00p   11.6   12.0   11.6    75    7.3   1.6     S   0.80   6.4     S   11.6   11.3   11.3  1008.9  0.00   0.0   0.140   0.000   18.7    48    7.4   17.7   8.94 1.1927    13.3     75     13       8    10.0      0    698    1    100.0   30 
11/27/12  8:30p   10.8   11.6   10.8    80    7.5   0.0    SW   0.00   4.8    SW   10.8   10.7   10.7  1008.9  0.00   0.0   0.156   0.000   18.7    48    7.4   17.7   8.94 1.1927    13.3     75     13       8    10.0      0    697    1    100.0   30 
11/27/12  9:00p   11.3   11.4   10.8    78    7.6   0.0     S   0.00   4.8     S   11.3   11.2   11.2  1008.6  0.00   0.0   0.146   0.000   18.7    48    7.4   17.7   8.94 1.1924    13.3     76     13       8    10.0      0    686    1    100.0   30 
11/27/12  9:30p   10.8   11.3   10.8    80    7.5   0.0    SW   0.00   4.8   SSW   10.8   10.7   10.7  1008.4  0.00   0.0   0.156   0.000   18.7    48    7.4   17.7   8.94 1.1922    13.3     75     13       8    10.0      0    699    1    100.0   30 
11/27/12 10:00p   10.3   10.8   10.3    82    7.4   0.0   WSW   0.00   1.6   WSW   10.3   10.3   10.3  1008.4  0.00   0.0   0.167   0.000   18.7    48    7.4   17.7   8.94 1.1921    13.3     75     13       8    10.0      0    687    1    100.0   30 
11/27/12 10:30p   10.4   10.4   10.3    82    7.5   0.0    SW   0.00   1.6   WSW   10.4   10.4   10.4  1008.2  0.00   0.0   0.164   0.000   18.7    48    7.4   17.7   8.94 1.1919    13.3     75     13       8    10.0      0    696    1    100.0   30 
11/27/12 11:00p   10.9   10.9   10.4    80    7.6   0.0    SW   0.00   1.6    SW   10.9   10.8   10.8  1008.2  0.00   0.0   0.155   0.000   18.7    48    7.4   17.7   8.94 1.1918    13.3     76     13       8    10.0      0    693    1    100.0   30 
11/27/12 11:30p   10.9   11.0   10.9    80    7.6   0.0    SW   0.00   1.6    SW   10.9   10.8   10.8  1008.1  0.00   0.0   0.154   0.000   18.7    48    7.4   17.7   8.94 1.1918    13.3     76     13       8    10.0      0    689    1    100.0   30 
11/28/12 12:00a   10.6   10.9   10.6    82    7.6   0.0     S   0.00   4.8     S   10.6   10.5   10.5  1008.0  0.00   0.0   0.162   0.000   18.7    48    7.4   17.7   8.94 1.1916    13.3     76     13       8    10.0      0    690    1    100.0   30 
11/28/12 12:30a    9.5   10.6    9.5    86    7.3   0.0    SW   0.00   3.2    SW    9.5    9.6    9.6  1007.8  0.00   0.0   0.184   0.000   18.7    49    7.7   17.7   9.14 1.1911    13.3     76     13       8    10.0      0    695    1    100.0   30 
11/28/12  1:00a    8.9    9.5    8.9    88    7.1   0.0   ---   0.00   0.0   ---    8.9    9.0    9.0  1007.5  0.00   0.0   0.196   0.000   18.7    49    7.7   17.7   9.14 1.1908    13.3     76     13       8    10.0      1    687    1    100.0   30 
11/28/12  1:30a    8.8    8.9    8.8    89    7.1   0.0   ---   0.00   0.0   ---    8.8    8.9    8.9  1007.3  0.00   0.0   0.199   0.000   18.6    49    7.6   17.6   9.14 1.1911    13.3     76     13       8    10.0      1    699    1    100.0   30 
11/28/12  2:00a    8.8    8.9    8.8    91    7.4   0.0    SW   0.00   1.6    SW    8.8    8.9    8.9  1007.5  0.00   0.0   0.198   0.000   18.6    49    7.6   17.6   9.14 1.1913    13.3     76     13       8    10.0      1    685    1    100.0   30 
11/28/12  2:30a    8.9    8.9    8.8    90    7.3   0.0    SW   0.00   1.6    SW    8.9    9.0    9.0  1007.3  0.00   0.0   0.197   0.000   18.6    49    7.6   17.6   9.14 1.1911    13.3     76     13       8    10.0      2    692    1    100.0   30 
11/28/12  3:00a    8.9    8.9    8.8    90    7.3   0.0   SSW   0.00   4.8    SW    8.9    9.0    9.0  1006.8  0.00   0.0   0.197   0.000   18.6    49    7.6   17.6   9.14 1.1905    13.3     76     13       8    10.0      2    699    1    100.0   30 
11/28/12  3:30a    9.1    9.2    8.9    90    7.6   0.0   SSW   0.00   3.2   SSW    9.1    9.2    9.2  1006.6  0.00   0.0   0.192   0.000   18.6    49    7.6   17.6   9.14 1.1903    13.3     76     13       8    10.0      1    681    1     99.6   30 
11/28/12  4:00a    9.2    9.2    9.1    89    7.4   0.0   SSW   0.00   1.6   SSW    9.2    9.3    9.3  1006.3  0.00   0.0   0.191   0.000   18.6    49    7.6   17.6   9.14 1.1899    13.3     76     13       8    10.0      0    702    1    100.0   30 
11/28/12  4:30a    9.2    9.2    9.2    89    7.4   0.0   SSW   0.00   4.8    SW    9.2    9.3    9.3  1006.1  0.00   0.0   0.191   0.000   18.5    49    7.6   17.5   9.14 1.1899    13.3     75     13       8     9.4      0    685    1    100.0   30 
11/28/12  5:00a    9.4    9.4    9.2    87    7.3   1.6     S   0.80   6.4    SW    9.4    9.5    9.5  1005.9  0.00   0.0   0.186   0.000   18.5    49    7.6   17.5   9.14 1.1897    13.3     75     13       8     9.4      4    697    1    100.0   30 
11/28/12  5:30a    9.1    9.4    9.1    88    7.2   0.0     S   0.00   4.8   SSE    9.1    9.2    9.2  1005.6  0.00   0.0   0.192   0.000   18.5    49    7.6   17.5   9.14 1.1893    13.3     75     13       8     9.4      0    692    1    100.0   30 
11/28/12  6:00a    8.5    9.1    8.5    90    7.0   0.0     S   0.00   1.6     S    8.5    8.6    8.6  1005.3  0.00   0.0   0.205   0.000   18.5    49    7.6   17.5   9.14 1.1890    13.3     75     13       8     9.4      0    691    1    100.0   30 
11/28/12  6:30a    8.4    8.5    8.3    91    7.1   0.0     S   0.00   1.6     S    8.4    8.6    8.6  1005.5  0.00   0.0   0.206   0.000   18.5    49    7.6   17.5   9.14 1.1892    13.3     76     13       8     9.4      0    694    1    100.0   30 
11/28/12  7:00a    8.3    8.5    8.3    91    6.9   0.0     S   0.00   1.6     S    8.3    8.4    8.4  1005.3  0.00   0.0   0.209   0.000   18.4    49    7.5   17.4   9.15 1.1895    13.3     76     13       8     9.4      2    694    1    100.0   30 
11/28/12  7:30a    7.7    8.2    7.7    93    6.6   0.0     S   0.00   1.6     S    7.7    7.8    7.8  1005.3  0.00   0.0   0.222   0.000   18.4    49    7.5   17.4   9.15 1.1895    13.3     75     13       8     9.4      1    691    1    100.0   30 
11/28/12  8:00a    8.1    8.1    7.7    94    7.1   0.0     S   0.00   1.6     S    8.1    8.2    8.2  1004.9  0.00   0.0   0.214   0.000   18.4    49    7.5   17.4   9.15 1.1891    13.3     75     13       8     9.4      0    693    1    100.0   30 
11/28/12  8:30a    9.2    9.2    8.1    91    7.8   0.0     S   0.00   1.6     S    9.2    9.4    9.4  1004.7  0.00   0.0   0.190   0.000   18.3    49    7.4   17.3   9.15 1.1893    13.3     76     13       8     9.4      0    694    1    100.0   30 
11/28/12  9:00a   10.1   10.1    9.3    87    8.0   0.0     S   0.00   4.8     S   10.1   10.2   10.2  1004.6  0.00   0.0   0.172   0.000   18.3    49    7.4   17.3   9.15 1.1892    13.3     76     13       8     9.4      0    690    1    100.0   30 
11/28/12  9:30a   10.3   10.3   10.1    87    8.3   0.0    SW   0.00   4.8    SW   10.3   10.4   10.4  1004.6  0.00   0.0   0.167   0.000   18.3    49    7.4   17.3   9.15 1.1892    13.3     76     13       8     9.4      0    700    1    100.0   30 
11/28/12 10:00a   12.3   12.3   10.3    80    8.9   1.6    SW   0.80   4.8    SW   12.3   12.1   12.1  1004.4  0.00   0.0   0.126   0.000   18.3    49    7.4   17.3   9.15 1.1889    13.3     77     13       8     9.4      0    683    1     99.9   30 
11/28/12 10:30a   13.7   13.7   12.3    76    9.5   3.2     S   1.61   9.7     S   13.7   13.4   13.4  1004.0  0.00   0.0   0.097   0.000   18.3    49    7.4   17.3   9.15 1.1885    13.3     77     13       8     9.4      0    698    1    100.0   30 
11/28/12 11:00a   14.3   14.3   13.7    74    9.7   3.2     S   1.61   9.7     S   14.3   13.9   13.9  1003.3  0.00   0.0   0.084   0.000   18.3    50    7.7   17.3   9.35 1.1874    13.3     77     13       8     9.4      0    693    1    100.0   30 
11/28/12 11:30a   15.8   15.8   14.3    72   10.8   3.2     S   1.61   9.7   SSE   15.8   15.6   15.6  1002.7  0.00   0.0   0.052   0.000   18.4    50    7.8   17.4   9.35 1.1862    13.3     78     13       8     9.4      0    686    1    100.0   30 
11/28/12 12:00p   15.7   15.8   15.6    72   10.6   1.6   SSW   0.80   9.7     S   15.7   15.4   15.4  1002.0  0.00   0.0   0.056   0.000   18.6    50    7.9   17.6   9.34 1.1846    13.9     78     13       8     9.4      0    703    1    100.0   30 
11/28/12 12:30p   15.7   15.7   15.6    72   10.6   0.0   SSW   0.00   4.8     S   15.7   15.4   15.4  1001.7  0.00   0.0   0.056   0.000   18.8    50    8.1   17.9   9.33 1.1830    13.9     78     13       8    10.0      0    689    1    100.0   30 
11/28/12  1:00p   15.7   15.7   15.3    72   10.7   3.2     S   1.61  12.9    SW   15.7   15.4   15.4  1001.5  0.00   0.0   0.054   0.000   18.9    51    8.6   18.1   9.53 1.1818    13.9     78     13       8    10.0      0    690    1    100.0   30 
11/28/12  1:30p   15.6   16.1   15.6    68    9.7   4.8     S   2.41  19.3    SW   15.6   15.2   15.2  1000.6  0.00   0.0   0.057   0.000   19.0    51    8.6   18.2   9.53 1.1805    13.9     77     13       8    10.0      0    696    1    100.0   30 
11/28/12  2:00p   14.7   15.6   14.7    72    9.7   3.2     S   1.61  14.5     S   14.7   14.3   14.3  1000.5  0.00   0.0   0.075   0.000   19.2    51    8.8   18.4   9.52 1.1792    14.4     77     13       8    10.0      0    692    1    100.0   30 
11/28/12  2:30p   14.7   14.9   14.7    72    9.7   3.2     S   1.61  11.3    SW   14.7   14.3   14.3  1000.2  0.00   0.0   0.075   0.000   19.4    51    9.0   18.7   9.51 1.1780    14.4     77     13       8    10.0      0    689    1    100.0   30 
11/28/12  3:00p   14.1   14.7   14.1    75    9.7   1.6     S   0.80   9.7     S   14.1   13.8   13.8   999.8  0.00   0.0   0.088   0.000   19.6    51    9.1   18.8   9.51 1.1768    14.4     77     13       8    10.6      0    690    1    100.0   30 
11/28/12  3:30p   13.4   14.1   13.4    79    9.9   3.2     S   1.61   9.7     S   13.4   13.2   13.2   999.9  0.00   0.0   0.102   0.000   19.7    51    9.3   19.1   9.50 1.1760    14.4     76     13       8    10.6     15    692    1    100.0   30 
11/28/12  4:00p   12.3   13.4   12.3    85    9.8   3.2     S   1.61  12.9   SSW   12.3   12.2   12.2   999.0  0.40   0.0   0.126   0.000   19.9    51    9.5   19.3   9.49 1.1739    15.0     77     13       8    10.6     13    695    1    100.0   30 
11/28/12  4:30p   12.0   12.3   12.0    86    9.7   3.2     S   1.61  11.3   SSE   12.0   11.9   11.9   998.9  0.00   0.0   0.132   0.000   20.1    51    9.7   19.4   9.49 1.1729    15.0     77     13       8    10.6     15    688    1    100.0   30 
11/28/12  5:00p   11.4   12.0   11.4    91   10.0   1.6     S   0.80   8.0   SSW   11.4   11.5   11.5   998.6  1.20   7.8   0.145   0.000   20.3    51    9.8   19.6   9.48 1.1718    15.0     77     13       8    10.6      9    697    1    100.0   30 
11/28/12  5:30p   11.2   11.4   11.2    92    9.9   0.0   SSW   0.00   4.8   SSW   11.2   11.3   11.3   998.0  0.00   0.0   0.149   0.000   20.5    51   10.0   19.8   9.47 1.1700    15.0     77     13       8    10.6     10    686    1    100.0   30 
11/28/12  6:00p   11.1   11.2   11.1    92    9.9   0.0     S   0.00   4.8   SSE   11.1   11.2   11.2   997.4  0.00   0.0   0.150   0.000   20.6    51   10.1   19.8   9.47 1.1691    15.0     78     13       8    10.6      7    692    1    100.0   30 
11/28/12  6:30p   11.2   11.2   11.1    91    9.8   0.0     S   0.00   4.8     S   11.2   11.3   11.3   996.7  0.00   0.0   0.148   0.000   20.7    50    9.9   19.8   9.27 1.1679    15.0     78     13       8    10.6      4    695    1    100.0   30 
11/28/12  7:00p   11.3   11.3   11.2    90    9.7   1.6     S   0.80   9.7   SSE   11.3   11.4   11.4   995.9  0.00   0.0   0.147   0.000   20.7    50    9.9   19.8   9.27 1.1670    15.0     77     13       8    10.6      3    683    1     99.9   30 
11/28/12  7:30p   11.0   11.3   11.0    90    9.4   1.6     S   0.80   9.7     S   11.0   11.1   11.1   995.1  0.00   0.0   0.153   0.000   20.7    50    9.9   19.8   9.27 1.1661    15.0     77     13       8    10.6      3    696    1    100.0   30 
11/28/12  8:00p   10.9   11.0   10.9    90    9.4   1.6     S   0.80   9.7     S   10.9   11.1   11.1   995.0  0.00   0.0   0.154   0.000   20.6    50    9.8   19.8   9.27 1.1664    15.0     77     13       8    10.6      3    692    1    100.0   30 
11/28/12  8:30p   10.9   10.9   10.8    90    9.4   1.6     S   0.80  11.3   SSE   10.9   11.1   11.1   994.5  0.00   0.0   0.154   0.000   20.6    50    9.8   19.8   9.27 1.1659    14.4     77     13       8    10.6      3    690    1    100.0   30 
11/28/12  9:00p   11.2   11.2   10.9    89    9.4   1.6     S   0.80  11.3   SSE   11.2   11.3   11.3   994.5  0.00   0.0   0.149   0.000   20.5    50    9.7   19.7   9.27 1.1661    14.4     77     13       8    10.6     12    696    1    100.0   30 
11/28/12  9:30p   10.9   11.2   10.9    91    9.5   0.0    SW   0.00   4.8    SW   10.9   11.0   11.0   994.9  0.20   0.0   0.155   0.000   20.4    50    9.6   19.6   9.28 1.1671    14.4     78     13       8    10.6     11    683    1     99.9   30 
11/28/12 10:00p   10.7   10.9   10.7    93    9.6   3.2    SW   1.61  20.9   WNW   10.7   10.9   10.9   996.1  0.80   3.8   0.159   0.000   20.4    50    9.6   19.6   9.28 1.1686    14.4     78     13       8    10.6      9    701    1    100.0   30 
11/28/12 10:30p   12.2   12.2   10.7    92   10.9   8.0   WNW   4.02  22.5   WNW   11.6   12.2   11.6   996.3  1.80   9.4   0.128   0.000   20.3    50    9.5   19.5   9.28 1.1693    14.4     79     13       8    10.6      7    686    1    100.0   30 
11/28/12 11:00p   11.7   12.2   11.7    94   10.8   3.2     S   1.61  12.9   WSW   11.7   11.9   11.9   994.3  2.00   8.6   0.138   0.000   20.3    51    9.8   19.6   9.48 1.1667    14.4     79     13       8    10.6      8    691    1    100.0   30 
11/28/12 11:30p   11.3   11.7   11.3    94   10.4   3.2     S   1.61  11.3    SW   11.3   11.5   11.5   994.4  0.00   0.0   0.146   0.000   20.2    51    9.8   19.6   9.48 1.1671    14.4     79     12       8    10.6      9    692    1    100.0   30 
11/29/12 12:00a   10.9   11.3   10.9    95   10.2   1.6     S   0.80   8.0    SW   10.9   11.1   11.1   994.3  0.00   0.0   0.154   0.000   20.2    51    9.8   19.6   9.48 1.1670    14.4     79     12       8    10.6     11    691    1    100.0   30 
11/29/12 12:30a   11.2   11.3   10.9    94   10.3   4.8     S   2.41  12.9   WSW   11.2   11.4   11.3   994.2  0.00   0.0   0.148   0.000   20.1    51    9.7   19.4   9.49 1.1674    14.4     79     11       8    10.0      8    687    1    100.0   30 
11/29/12  1:00a   11.1   11.2   11.1    94   10.1   4.8   SSW   2.41  14.5   WSW   11.0   11.2   11.2   994.0  0.00   0.0   0.152   0.000   20.1    51    9.7   19.4   9.49 1.1671    14.4     79     11       8    10.0      3    699    1    100.0   30 
11/29/12  1:30a   10.6   11.1   10.6    94    9.6   4.8     S   2.41  14.5   SSE   10.4   10.8   10.7   993.8  0.00   0.0   0.162   0.000   20.1    51    9.7   19.4   9.49 1.1670    14.4     79     10       8    10.0      3    682    1     99.7   30 
11/29/12  2:00a   10.0   10.6   10.0    94    9.1   3.2     S   1.61   9.7   SSE   10.0   10.3   10.3   993.5  0.00   0.0   0.174   0.000   20.0    50    9.3   19.3   9.29 1.1674    14.4     78     10       8    10.0      3    700    1    100.0   30 
11/29/12  2:30a    9.5    9.9    9.4    95    8.7   1.6     S   0.80   8.0    SW    9.5    9.8    9.8   993.2  0.00   0.0   0.184   0.000   20.4    49    9.3   19.6   9.08 1.1654    13.9     78     10       8    10.0      7    689    1    100.0   30 
11/29/12  3:00a    9.1    9.4    9.1    95    8.3   1.6    SW   0.80   9.7   WSW    9.1    9.3    9.3   993.3  0.00   0.0   0.193   0.000   20.1    50    9.4   19.4   9.29 1.1666    13.9     78     10       8    10.0     11    699    1    100.0   30 
11/29/12  3:30a    8.7    9.1    8.7    96    8.1   1.6     S   0.80   8.0     S    8.7    8.9    8.9   993.4  0.00   0.0   0.201   0.000   19.9    50    9.2   19.2   9.29 1.1675    13.9     77     10       8    10.0     13    692    1    100.0   30 
11/29/12  4:00a    7.3    8.7    7.3    94    6.4   0.0     S   0.00   3.2     S    7.3    7.4    7.4   993.0  0.00   0.0   0.230   0.000   19.9    50    9.2   19.2   9.29 1.1671    13.9     77     10       8    10.0     14    694    1    100.0   30 
11/29/12  4:30a    6.7    7.3    6.7    95    6.0   0.0     S   0.00   1.6     S    6.7    6.8    6.8   992.9  0.00   0.0   0.242   0.000   19.8    50    9.1   19.1   9.30 1.1675    13.9     76     10       8    10.0     14    692    1    100.0   30 
11/29/12  5:00a    5.6    6.7    5.4    96    5.0   1.6     W   0.80   3.2   WSW    5.6    5.6    5.6   992.8  0.00   0.0   0.266   0.000   19.7    49    8.7   18.9   9.10 1.1682    13.9     75     10       8    10.0     14    694    1    100.0   30 
11/29/12  5:30a    5.8    5.8    5.6    96    5.2   0.0     W   0.00   3.2     W    5.8    5.9    5.9   993.0  0.00   0.0   0.260   0.000   19.7    49    8.6   18.8   9.10 1.1687    13.9     74     10       8    10.0     14    689    1    100.0   30 
11/29/12  6:00a    5.3    5.9    5.2    96    4.7   0.0     W   0.00   6.4   WSW    5.3    5.3    5.3   993.3  0.00   0.0   0.272   0.000   19.6    49    8.5   18.7   9.11 1.1695    13.9     73     10       8    10.0     14    696    1    100.0   30 
11/29/12  6:30a    5.3    5.4    5.3    97    4.9   0.0   ---   0.00   0.0   ---    5.3    5.4    5.4   993.0  0.00   0.0   0.271   0.000   19.6    49    8.5   18.7   9.11 1.1692    13.9     72     10       8     9.4     14    686    1    100.0   30 
11/29/12  7:00a    5.3    5.8    5.3    96    4.7   0.0     S   0.00   1.6     S    5.3    5.4    5.4   992.9  0.00   0.0   0.271   0.000   19.4    49    8.4   18.6   9.11 1.1696    13.9     72     10       8     9.4     14    690    1    100.0   30 
11/29/12  7:30a    6.0    6.0    5.2    97    5.6   3.2    NW   1.61   9.7    NW    6.0    6.1    6.1   993.3  0.00   0.0   0.257   0.000   19.7    48    8.3   18.8   8.90 1.1692    13.9     72     10       8     9.4     14    697    1    100.0   30 
11/29/12  8:00a    7.5    7.5    6.0    96    6.9   6.4    NW   3.22  11.3    NW    6.5    7.7    6.7   993.7  0.00   0.0   0.226   0.000   19.4    48    8.1   18.6   8.91 1.1708    13.9     73     10       8     9.4     13    694    1    100.0   30 
11/29/12  8:30a    9.8    9.8    7.5    91    8.4   6.4    NW   3.22  14.5    NW    9.2   10.0    9.3   993.7  0.00   0.0   0.177   0.000   19.3    48    8.0   18.3   8.92 1.1716    13.9     74     10       8     9.4      6    695    1    100.0   30 
11/29/12  9:00a   10.8   10.8    9.8    89    9.0   4.8    NW   2.41  11.3    NW   10.7   10.9   10.8   993.7  0.00   0.0   0.157   0.000   19.2    49    8.2   18.3   9.12 1.1717    13.9     75     10       8     9.4      0    692    1    100.0   30 
11/29/12  9:30a   11.9   11.9   10.8    83    9.1   4.8   WNW   2.41  11.3     W   11.9   11.8   11.8   993.7  0.00   0.0   0.133   0.000   19.2    49    8.2   18.3   9.12 1.1716    13.9     75     10       8     9.4      0    691    1    100.0   30 
11/29/12 10:00a   12.5   12.5   11.9    81    9.3   8.0   WNW   4.02  12.9    NW   11.9   12.3   11.8   993.7  0.00   0.0   0.122   0.000   19.1    48    7.8   18.2   8.92 1.1724    13.9     76     10       8     9.4      0    696    1    100.0   30 
11/29/12 10:30a   13.1   13.1   12.5    76    8.9   9.7   WNW   4.83  17.7   WNW   12.3   12.8   12.1   993.7  0.00   0.0   0.110   0.000   19.0    48    7.7   18.0   8.93 1.1730    13.9     76     10       8     9.4      0    689    1    100.0   30 
11/29/12 11:00a   13.3   13.4   13.1    76    9.2  11.3    NW   5.63  19.3   WNW   12.4   13.1   12.2   993.5  0.00   0.0   0.104   0.000   18.9    48    7.7   17.9   8.93 1.1730    13.9     76     10       8     9.4      0    689    1    100.0   30 
11/29/12 11:30a   14.2   14.2   13.3    75    9.8   9.7    NW   4.83  22.5    NW   13.7   13.9   13.4   993.3  0.00   0.0   0.087   0.000   18.9    49    8.0   18.0   9.13 1.1725    13.9     76     10       8     9.4      0    696    1    100.0   30 
11/29/12 12:00p   14.0   14.3   13.9    73    9.2   6.4    NW   3.22  14.5    NW   14.0   13.7   13.7   992.9  0.00   0.0   0.090   0.000   18.9    49    8.0   18.0   9.13 1.1720    13.9     76     10       8     9.4      0    683    1     99.9   30 
11/29/12 12:30p   14.7   14.7   14.0    67    8.6   6.4    NW   3.22  12.9   WNW   14.7   14.2   14.2   992.7  0.00   0.0   0.076   0.000   18.9    50    8.3   18.1   9.33 1.1715    13.9     76     10       8     9.4      0    699    1    100.0   30 
11/29/12  1:00p   14.1   14.7   14.1    72    9.1   6.4   WNW   3.22  12.9   WNW   14.1   13.7   13.7   992.9  0.00   0.0   0.088   0.000   18.9    50    8.3   18.1   9.33 1.1718    13.9     77     10       8     9.4      0    690    1    100.0   30 
11/29/12  1:30p   14.8   14.8   14.1    67    8.7   3.2   WNW   1.61   9.7   WNW   14.8   14.3   14.3   993.0  0.00   0.0   0.074   0.000   18.9    50    8.3   18.1   9.33 1.1719    13.9     77     10       8     9.4      0    689    1    100.0   30 
11/29/12  2:00p   14.2   14.8   14.2    70    8.8   1.6   WNW   0.80   6.4    NW   14.2   13.7   13.7   992.9  0.00   0.0   0.087   0.000   18.9    50    8.3   18.1   9.33 1.1718    13.9     77     10       8    10.0      0    697    1    100.0   30 
11/29/12  2:30p   13.8   14.2   13.8    71    8.7   3.2    NW   1.61   8.0    NW   13.8   13.4   13.4   993.2  0.00   0.0   0.094   0.000   18.8    50    8.2   17.9   9.33 1.1726    13.9     77     10       8    10.0      0    688    1    100.0   30 
11/29/12  3:00p   12.7   13.8   12.7    80    9.4   4.8    NW   2.41  24.1   NNW   12.7   12.6   12.6   994.0  0.00   0.0   0.117   0.000   18.9    50    8.3   18.1   9.33 1.1731    13.3     77     10       8    10.0      1    693    1    100.0   30 
11/29/12  3:30p   10.3   12.7   10.3    91    8.9  11.3   NNW   5.63  27.4    NW    8.8   10.4    8.9   994.3  2.40  75.2   0.168   0.000   18.8    50    8.2   17.9   9.33 1.1739    13.3     77     10       8    10.0     15    690    1    100.0   30 
11/29/12  4:00p    9.9   10.3    9.9    93    8.9   3.2   NNW   1.61   9.7     N    9.9   10.2   10.2   994.3  0.20   2.6   0.175   0.000   18.9    50    8.3   18.1   9.33 1.1734    13.9     78      9       8    10.0     15    691    1    100.0   30 
11/29/12  4:30p    9.8    9.9    9.8    94    8.9   0.0   NNW   0.00   3.2   NNW    9.8   10.1   10.1   994.5  0.00   0.0   0.178   0.000   19.1    51    8.7   18.3   9.52 1.1725    13.9     77      9       8    10.0     14    697    1    100.0   30 
11/29/12  5:00p    9.6    9.8    9.6    95    8.8   0.0   NNW   0.00   1.6   NNW    9.6    9.8    9.8   994.6  0.20   0.0   0.183   0.000   19.3    51    8.9   18.5   9.52 1.1719    14.4     77      8       8    10.0     15    679    1     99.3   30 
11/29/12  5:30p    9.3    9.6    9.3    95    8.5   0.0   ---   0.00   0.0   ---    9.3    9.6    9.6   994.7  0.00   0.0   0.189   0.000   19.4    51    9.0   18.7   9.51 1.1712    14.4     77      8       8    10.0     14    690    1    100.0   30 
11/29/12  6:00p    9.2    9.3    9.2    96    8.6   0.0   WNW   0.00   3.2   NNW    9.2    9.4    9.4   995.0  0.00   0.0   0.191   0.000   19.6    51    9.1   18.8   9.51 1.1711    14.4     77      8       8    10.0     14    691    1    100.0   30 
11/29/12  6:30p    8.9    9.2    8.9    95    8.2   0.0     W   0.00   1.6   WNW    8.9    9.2    9.2   994.8  0.00   0.0   0.196   0.000   19.6    51    9.1   18.8   9.51 1.1707    14.4     77      8       8    10.0     11    689    1    100.0   30 
11/29/12  7:00p    8.5    8.9    8.5    96    7.9   0.0   ---   0.00   0.0   ---    8.5    8.7    8.7   995.0  0.00   0.0   0.205   0.000   19.7    51    9.2   18.9   9.50 1.1704    14.4     77      8       8    10.0     13    696    1    100.0   30 
11/29/12  7:30p    8.3    8.5    8.3    96    7.7   0.0   WSW   0.00   3.2   WNW    8.3    8.5    8.5   994.9  0.00   0.0   0.208   0.000   19.7    50    9.0   18.9   9.30 1.1704    14.4     76      8       8    10.0     13    680    1     99.4   30 
11/29/12  8:00p    8.2    8.3    8.2    96    7.6   0.0   ---   0.00   0.0   ---    8.2    8.4    8.4   995.1  0.00   0.0   0.211   0.000   19.7    50    9.0   18.9   9.30 1.1706    14.4     76      8       8    10.0     13    700    1    100.0   30 
11/29/12  8:30p    8.4    8.4    8.0    97    7.9   0.0   SSW   0.00   3.2     S    8.4    8.6    8.6   995.5  0.00   0.0   0.207   0.000   19.8    50    9.1   19.1   9.30 1.1706    14.4     76      8       8    10.0     13    690    1    100.0   30 
11/29/12  9:00p    8.6    8.6    8.4    96    8.0   0.0   SSW   0.00   3.2   SSW    8.6    8.8    8.8   995.5  0.00   0.0   0.204   0.000   19.8    50    9.1   19.1   9.30 1.1705    14.4     76      9       8    10.0     14    689    1    100.0   30 
11/29/12  9:30p    8.6    8.7    8.6    96    8.0   0.0     S   0.00   3.2     S    8.6    8.8    8.8   995.6  0.00   0.0   0.203   0.000   20.0    50    9.3   19.3   9.29 1.1698    14.4     76      9       8    10.0     14    697    1    100.0   30 
11/29/12 10:00p    8.5    8.6    8.5    96    7.9   0.0   ---   0.00   0.0   ---    8.5    8.7    8.7   995.6  0.00   0.0   0.205   0.000   20.0    50    9.3   19.3   9.29 1.1699    14.4     76      9       8    10.0     14    683    1     99.9   30 
11/29/12 10:30p    8.5    8.5    8.4    96    7.9   0.0   ---   0.00   0.0   ---    8.5    8.7    8.7   996.0  0.40   1.6   0.205   0.000   20.1    50    9.4   19.4   9.29 1.1698    14.4     75      9       8    10.0     12    699    1    100.0   30 
11/29/12 11:00p    8.7    8.7    8.5    96    8.1   1.6     E   0.80  11.3     E    8.7    8.9    8.9   996.2  1.20   9.2   0.201   0.000   20.1    50    9.4   19.4   9.29 1.1701    14.4     75      9       8    10.0      6    689    1    100.0   30 
11/29/12 11:30p    7.1    8.7    7.1    95    6.3   8.0     E   4.02  25.7     E    5.6    7.2    5.7   996.6  1.60   5.4   0.235   0.000   20.1    50    9.4   19.4   9.29 1.1705    14.4     74      8       8    10.0      9    687    1    100.0   30 
11/30/12 12:00a    6.1    7.1    6.1    94    5.2   8.0     E   4.02  24.1     E    4.4    6.2    4.5   997.7  0.80   4.4   0.255   0.000   20.0    49    9.0   19.2   9.09 1.1726    14.4     73      8       8    10.0      6    696    1    100.0   30 
11/30/12 12:30a    5.6    6.1    5.6    94    4.7   8.0     E   4.02  24.1     E    3.8    5.6    3.8   998.6  1.60   7.4   0.266   0.000   19.9    49    8.9   19.2   9.09 1.1740    13.9     70      8       8    10.0      4    684    1    100.0   30 
11/30/12  1:00a    5.2    5.6    5.2    94    4.3   8.0     E   4.02  22.5    SE    3.3    5.2    3.4   998.8  1.20   5.6   0.274   0.000   19.7    48    8.4   18.8   8.90 1.1755    13.9     68      8       8     9.4      4    697    1    100.0   30 
11/30/12  1:30a    4.9    5.2    4.9    95    4.2   3.2     E   1.61  12.9   ESE    4.8    4.9    4.9   999.5  0.80   4.0   0.280   0.000   19.7    47    8.0   18.7   8.80 1.1769    13.9     68      8       8     9.4      4    697    1    100.0   30 
11/30/12  2:00a    4.2    4.9    4.2    92    3.0   4.8     E   2.41  22.5     E    3.3    4.2    3.3   999.5  1.00   4.8   0.294   0.000   19.6    47    7.9   18.6   8.81 1.1775    13.9     66      8       8     9.4      3    684    1    100.0   30 
11/30/12  2:30a    3.9    4.2    3.9    93    2.9   6.4     E   3.22  27.4   ESE    2.4    3.9    2.4   999.7  0.60   1.6   0.300   0.000   19.4    46    7.5   18.4   8.65 1.1785    13.3     64      8       8     9.4      3    692    1    100.0   30 
11/30/12  3:00a    3.8    3.9    3.8    93    2.7   6.4     E   3.22  22.5   ESE    2.2    3.8    2.2   999.9  0.40   1.8   0.303   0.000   19.4    45    7.1   18.3   8.51 1.1793    13.3     64      8       8     8.9      4    694    1    100.0   30 
11/30/12  3:30a    3.7    3.8    3.7    95    3.0   3.2   ESE   1.61  12.9     E    3.5    3.7    3.5  1000.0  0.80   3.0   0.304   0.000   19.3    45    7.0   18.2   8.52 1.1800    13.3     64      8       8     8.9      4    688    1    100.0   30 
11/30/12  4:00a    3.5    3.7    3.5    94    2.6   1.6     E   0.80  12.9    SE    3.5    3.5    3.5  1000.6  0.60   2.8   0.309   0.000   19.2    45    7.0   18.1   8.52 1.1809    13.3     64      8       8     8.9      3    691    1    100.0   30 
11/30/12  4:30a    3.3    3.5    3.3    93    2.3   3.2   ESE   1.61  12.9     E    3.1    3.3    3.1  1001.1  1.00   4.4   0.313   0.000   19.1    44    6.6   17.9   8.35 1.1823    13.3     63      8       8     8.9      3    686    1    100.0   30 
11/30/12  5:00a    3.3    3.3    3.3    94    2.4   3.2   ESE   1.61  12.9   ESE    3.1    3.3    3.1  1001.6  0.60   2.0   0.314   0.000   19.0    44    6.5   17.8   8.35 1.1834    12.8     63      8       8     8.9      3    701    1    100.0   30 
11/30/12  5:30a    3.2    3.3    3.2    93    2.2   4.8   ESE   2.41  17.7     E    2.2    3.2    2.2  1002.0  0.60   2.4   0.315   0.000   18.9    44    6.4   17.7   8.35 1.1842    12.8     63      8       8     8.3      3    690    1    100.0   30 
11/30/12  6:00a    3.1    3.2    3.1    94    2.2   4.8   ESE   2.41  16.1   ESE    1.9    3.1    1.9  1002.3  0.60   2.0   0.318   0.000   18.8    44    6.3   17.6   8.35 1.1850    12.8     62      8       8     8.3      4    692    1    100.0   30 
11/30/12  6:30a    2.8    3.1    2.8    94    2.0   3.2   ESE   1.61  16.1   ESE    2.6    2.8    2.6  1002.5  0.60   2.8   0.323   0.000   18.8    43    5.9   17.5   8.25 1.1859    12.8     62      8       8     8.3      4    694    1    100.0   30 
11/30/12  7:00a    2.8    2.8    2.7    94    1.9   3.2     E   1.61  12.9   ESE    2.5    2.8    2.5  1002.8  0.40   1.4   0.324   0.000   18.7    43    5.8   17.4   8.25 1.1867    12.8     63      8       8     8.3      3    689    1    100.0   30 
11/30/12  7:30a    2.8    2.8    2.7    95    2.1   0.0     E   0.00   6.4   ESE    2.8    2.8    2.8  1003.4  0.00   0.0   0.323   0.000   18.6    44    6.1   17.3   8.35 1.1877    12.8     64      8       8     8.3      7    698    1    100.0   30 
11/30/12  8:00a    2.9    2.9    2.8    95    2.2   0.0     E   0.00   8.0     E    2.9    2.9    2.9  1003.6  0.40   1.2   0.321   0.000   18.6    44    6.1   17.3   8.35 1.1880    12.8     66      8       8     8.3      9    687    1    100.0   30 
11/30/12  8:30a    3.1    3.1    2.9    95    2.4   0.0     E   0.00   4.8     E    3.1    3.1    3.1  1003.8  0.40   0.8   0.317   0.000   18.7    45    6.5   17.5   8.54 1.1874    12.8     65      8       8     8.3     10    687    1    100.0   30 
11/30/12  9:00a    3.4    3.4    3.1    96    2.9   0.0   ESE   0.00   3.2   ESE    3.4    3.4    3.4  1004.5  0.00   0.0   0.310   0.000   18.8    45    6.6   17.7   8.53 1.1874    12.8     68      8       8     8.3      9    694    1    100.0   30 
